"";"time";"values"
"1";0,2;0
"2";0,3;1,965957
"3";0,4;1,471861
"4";0,5;1,310294
"5";0,6;1,228956
"6";0,7;1,181735
"7";0,8;1,148377
"8";0,9;1,127187
"9";1;1,109851
"10";1,1;1,096826
"11";1,2;1,087298
"12";1,3;1,078484
"13";1,4;1,072355
"14";1,5;1,066303
"15";1,6;1,061814
"16";1,7;1,058216
"17";1,8;1,054362
"18";1,9;1,051559
"19";2;1,049031
"20";2,1;1,047019
"21";2,2;1,044908
"22";2,3;1,043234
"23";2,4;1,041932
"24";2,5;1,04048
"25";2,6;1,039131
"26";2,7;1,038311
"27";2,8;1,037317
"28";2,9;1,03658
"29";3;1,035874
"30";3,1;1,035197
"31";3,2;1,034545
"32";3,3;1,033919
"33";3,4;1,033656
"34";3,5;1,033218
"35";3,6;1,032628
"36";3,7;1,032522
"37";3,8;1,032094
"38";3,9;1,031819
"39";4;1,031539
"40";4,1;1,03139
"41";4,2;1,031094
"42";4,3;1,030923
"43";4,4;1,030863
"44";4,5;1,03066
"45";4,6;1,030448
"46";4,7;1,030454
"47";4,8;1,030213
"48";4,9;1,03018
"49";5;1,030124
"50";5,1;1,029947
"51";5,2;1,029954
"52";5,3;1,029841
"53";5,4;1,029804
"54";5,5;1,029745
"55";5,6;1,029667
"56";5,7;1,029655
"57";5,8;1,029619
"58";5,9;1,029561
"59";6;1,029484
"60";6,1;1,02954
"61";6,2;1,02942
"62";6,3;1,029499
"63";6,4;1,02941
"64";6,5;1,029371
"65";6,6;1,029376
"66";6,7;1,029419
"67";6,8;1,029313
"68";6,9;1,02937
"69";7;1,02934
"70";7,1;1,02929
"71";7,2;1,029274
"72";7,3;1,029289
"73";7,4;1,029279
"74";7,5;1,029296
"75";7,6;1,029287
"76";7,7;1,029256
"77";7,8;1,02925
"78";7,9;1,02922
"79";8;1,029256
"80";8,1;1,029266
"81";8,2;1,02921
"82";8,3;1,029254
"83";8,4;1,029233
"84";8,5;1,029227
"85";8,6;1,029234
"86";8,7;1,029217
"87";8,8;1,029213
"88";8,9;1,029218
"89";9;1,029232
"90";9,1;1,02919
"91";9,2;1,02922
"92";9,3;1,029224
"93";9,4;1,029203
"94";9,5;1,029218
"95";9,6;1,029207
"96";9,7;1,0292
"97";9,8;1,029222
"98";9,9;1,029219
"99";10;1,029192
"100";10,1;1,029215
"101";10,2;1,132122
"102";10,3;1,122769
"103";10,4;1,114964
"104";10,5;1,108376
"105";10,6;1,102721
"106";10,7;1,097819
"107";10,8;1,093523
"108";10,9;1,089743
"109";11;1,086386
"110";11,1;1,08337
"111";11,2;1,080657
"112";11,3;1,078215
"113";11,4;1,075985
"114";11,5;1,07395
"115";11,6;1,072087
"116";11,7;1,0292
"117";11,8;1,029206
"118";11,9;1,029199
"119";12;1,029203
"120";12,1;1,029198
"121";12,2;1,029201
"122";12,3;1,029201
"123";12,4;1,029202
"124";12,5;1,029202
"125";12,6;1,029202
"126";12,7;1,029197
"127";12,8;1,029203
"128";12,9;1,029198
"129";13;1,029203
"130";13,1;1,029199
"131";13,2;1,0292
"132";13,3;1,029199
"133";13,4;1,029205
"134";13,5;1,0292
"135";13,6;1,029197
"136";13,7;1,029201
"137";13,8;1,0292
"138";13,9;1,029201
"139";14;1,029201
"140";14,1;1,0292
"141";14,2;1,0292
"142";14,3;1,029204
"143";14,4;1,029201
"144";14,5;1,029198
"145";14,6;1,029201
"146";14,7;1,0292
"147";14,8;1,0292
"148";14,9;1,0292
"149";15;1,0292
"150";15,1;1,029201
"151";15,2;1,029201
"152";15,3;1,0292
"153";15,4;1,0292
"154";15,5;1,029201
"155";15,6;1,029199
"156";15,7;1,029201
"157";15,8;1,029199
"158";15,9;1,029201
"159";16;1,029201
"160";16,1;1,029201
"161";16,2;1,029199
"162";16,3;1,029201
"163";16,4;1,029201
"164";16,5;1,029199
"165";16,6;1,029201
"166";16,7;1,029201
"167";16,8;1,029199
"168";16,9;1,029201
"169";17;1,0292
"170";17,1;1,0292
"171";17,2;1,029201
"172";17,3;1,029201
"173";17,4;1,029199
"174";17,5;1,0292
"175";17,6;1,0292
"176";17,7;1,0292
"177";17,8;1,0292
"178";17,9;1,0292
"179";18;1,0292
"180";18,1;1,0292
"181";18,2;1,029201
"182";18,3;1,0292
"183";18,4;1,0292
"184";18,5;1,0292
"185";18,6;1,0292
"186";18,7;1,0292
"187";18,8;1,0292
"188";18,9;1,0292
"189";19;1,0292
"190";19,1;1,0292
"191";19,2;1,0292
"192";19,3;1,029201
"193";19,4;1,0292
"194";19,5;1,0292
"195";19,6;1,029201
"196";19,7;1,0292
"197";19,8;1,0292
"198";19,9;1,0292
"199";20;1,0292
"200";20,1;1,0292
"201";20,2;1,0292
"202";20,3;1,0292
"203";20,4;1,0292
"204";20,5;1,0292
"205";20,6;1,0292
"206";20,7;1,0292
"207";20,8;1,0292
"208";20,9;1,0292
"209";21;1,0292
"210";21,1;1,0292
"211";21,2;1,0292
"212";21,3;1,0292
"213";21,4;1,0292
"214";21,5;1,0292
"215";21,6;1,0292
"216";21,7;1,0292
"217";21,8;1,0292
"218";21,9;1,0292
"219";22;1,0292
"220";22,1;1,0292
"221";22,2;1,0292
"222";22,3;1,0292
"223";22,4;1,0292
"224";22,5;1,0292
"225";22,6;1,0292
"226";22,7;1,0292
"227";22,8;1,0292
"228";22,9;1,0292
"229";23;1,029199
"230";23,1;1,0292
"231";23,2;1,029199
"232";23,3;1,029199
"233";23,4;1,029199
"234";23,5;1,0292
"235";23,6;1,029199
"236";23,7;1,029199
"237";23,8;1,029199
"238";23,9;1,029199
"239";24;1,029199
"240";24,1;1,029199
"241";24,2;1,029199
"242";24,3;1,029199
"243";24,4;1,029199
"244";24,5;1,029199
"245";24,6;1,029199
"246";24,7;1,029199
"247";24,8;1,029199
"248";24,9;1,029199
"249";25;1,029199
"250";25,1;1,029199
"251";25,2;1,029199
"252";25,3;1,029199
"253";25,4;1,029199
"254";25,5;1,029199
"255";25,6;1,029199
"256";25,7;1,029199
"257";25,8;1,029199
"258";25,9;1,029198
"259";26;1,029198
"260";26,1;1,029198
"261";26,2;1,029198
"262";26,3;1,029198
"263";26,4;1,029198
"264";26,5;1,029198
"265";26,6;1,029198
"266";26,7;1,029198
"267";26,8;1,029198
"268";26,9;1,029198
"269";27;1,029198
"270";27,1;1,029198
"271";27,2;1,029198
"272";27,3;1,029198
"273";27,4;1,029198
"274";27,5;1,029197
"275";27,6;1,029197
"276";27,7;1,029197
"277";27,8;1,029197
"278";27,9;1,029197
"279";28;1,029197
"280";28,1;1,029197
"281";28,2;1,029197
"282";28,3;1,029197
"283";28,4;1,029196
"284";28,5;1,029196
"285";28,6;1,029196
"286";28,7;1,029196
"287";28,8;1,029196
"288";28,9;1,029196
"289";29;1,029196
"290";29,1;1,029196
"291";29,2;1,029195
"292";29,3;1,029195
"293";29,4;1,029195
"294";29,5;1,029195
"295";29,6;1,029195
"296";29,7;1,029195
"297";29,8;1,029195
"298";29,9;1,029194
"299";30;1,029194
"300";30,1;1,029194
"301";30,2;1,029194
"302";30,3;1,029194
"303";30,4;1,029193
"304";30,5;1,029193
"305";30,6;1,029193
"306";30,7;1,029193
"307";30,8;1,029193
"308";30,9;1,029192
"309";31;1,029192
"310";31,1;1,029192
"311";31,2;1,029192
"312";31,3;1,029191
"313";31,4;1,029191
"314";31,5;1,029191
"315";31,6;1,029191
"316";31,7;1,02919
"317";31,8;1,02919
"318";31,9;1,02919
"319";32;1,029189
"320";32,1;1,029189
"321";32,2;1,029189
"322";32,3;1,029188
"323";32,4;1,029188
"324";32,5;1,029188
"325";32,6;1,029187
"326";32,7;1,029187
"327";32,8;1,029186
"328";32,9;1,029186
"329";33;1,029186
"330";33,1;1,029185
"331";33,2;1,029185
"332";33,3;1,029184
"333";33,4;1,029184
"334";33,5;1,029183
"335";33,6;1,029183
"336";33,7;1,029182
"337";33,8;1,029182
"338";33,9;1,029181
"339";34;1,029181
"340";34,1;1,02918
"341";34,2;1,02918
"342";34,3;1,029179
"343";34,4;1,029178
"344";34,5;1,029178
"345";34,6;1,029177
"346";34,7;1,029176
"347";34,8;1,029176
"348";34,9;1,029175
"349";35;1,029174
"350";35,1;1,029173
"351";35,2;1,029173
"352";35,3;1,029172
"353";35,4;1,029171
"354";35,5;1,02917
"355";35,6;1,029169
"356";35,7;1,029168
"357";35,8;1,029167
"358";35,9;1,029166
"359";36;1,029165
"360";36,1;1,029164
"361";36,2;1,029163
"362";36,3;1,029162
"363";36,4;1,029161
"364";36,5;1,02916
"365";36,6;1,029159
"366";36,7;1,029158
"367";36,8;1,027631
"368";36,9;1,067294
"369";37;1,064404
"370";37,1;1,061749
"371";37,2;1,059302
"372";37,3;1,057041
"373";37,4;1,054948
"374";37,5;1,053005
"375";37,6;1,051198
"376";37,7;1,049514
"377";37,8;1,047942
"378";37,9;1,046472
"379";38;1,045095
"380";38,1;1,043803
"381";38,2;1,04259
"382";38,3;1,041448
"383";38,4;1,040373
"384";38,5;1,039359
"385";38,6;1,038401
"386";38,7;1,037496
"387";38,8;1,036639
"388";38,9;1,013309
"389";39;1,013035
"390";39,1;1,012778
"391";39,2;1,012538
"392";39,3;1,012313
"393";39,4;1,012102
"394";39,5;1,011904
"395";39,6;1,011718
"396";39,7;1,011544
"397";39,8;1,011381
"398";39,9;1,011228
"399";40;1,011083
"400";40,1;1,010948
"401";40,2;1,010821
"402";40,3;1,010701
"403";40,4;1,010588
"404";40,5;1,010483
"405";40,6;1,010383
"406";40,7;1,010289
"407";40,8;1,010201
"408";40,9;1,010118
"409";41;1,01004
"410";41,1;1,009966
"411";41,2;1,009896
"412";41,3;1,009831
"413";41,4;1,009769
"414";41,5;1,009711
"415";41,6;1,009656
"416";41,7;1,009604
"417";41,8;1,009556
"418";41,9;1,00951
"419";42;1,009466
"420";42,1;1,009425
"421";42,2;1,009387
"422";42,3;1,00935
"423";42,4;1,009316
"424";42,5;1,009283
"425";42,6;1,009252
"426";42,7;1,009223
"427";42,8;1,009196
"428";42,9;1,00917
"429";43;1,009145
"430";43,1;1,009122
"431";43,2;1,0091
"432";43,3;1,00908
"433";43,4;1,00906
"434";43,5;1,009041
"435";43,6;1,009024
"436";43,7;1,009007
"437";43,8;1,008991
"438";43,9;1,008976
"439";44;1,008962
"440";44,1;1,008949
"441";44,2;1,008936
"442";44,3;1,008924
"443";44,4;1,008912
"444";44,5;1,008902
"445";44,6;1,008891
"446";44,7;1,008881
"447";44,8;1,008872
"448";44,9;1,008863
"449";45;1,008855
"450";45,1;1,008847
"451";45,2;1,008839
"452";45,3;1,008832
"453";45,4;1,008825
"454";45,5;1,008818
"455";45,6;1,008812
"456";45,7;1,008806
"457";45,8;1,0088
"458";45,9;1,008794
"459";46;1,008789
"460";46,1;1,008784
"461";46,2;1,008779
"462";46,3;1,008774
"463";46,4;1,00877
"464";46,5;1,008765
"465";46,6;1,008761
"466";46,7;1,008757
"467";46,8;1,008753
"468";46,9;1,008749
"469";47;1,008746
"470";47,1;1,008742
"471";47,2;1,008739
"472";47,3;1,008736
"473";47,4;1,008732
"474";47,5;1,008729
"475";47,6;1,008726
"476";47,7;1,008723
"477";47,8;1,00872
"478";47,9;1,008718
"479";48;1,008715
"480";48,1;1,008712
"481";48,2;1,00871
"482";48,3;1,008707
"483";48,4;1,008705
"484";48,5;1,008702
"485";48,6;1,0087
"486";48,7;1,008697
"487";48,8;1,008695
"488";48,9;1,008693
"489";49;1,00869
"490";49,1;1,008688
"491";49,2;1,008686
"492";49,3;1,008683
"493";49,4;1,008681
"494";49,5;1,008679
"495";49,6;1,008677
"496";49,7;1,008675
"497";49,8;1,008673
"498";49,9;1,00867
"499";50;1,008668
"500";50,1;1,008666
"501";50,2;1,008664
"502";50,3;1,008662
"503";50,4;1,00866
"504";50,5;1,008658
"505";50,6;1,008656
"506";50,7;1,008654
"507";50,8;1,008651
"508";50,9;1,008649
"509";51;1,008647
"510";51,1;1,008645
"511";51,2;1,008643
"512";51,3;1,008641
"513";51,4;1,008639
"514";51,5;1,008637
"515";51,6;1,008635
"516";51,7;1,008632
"517";51,8;1,00863
"518";51,9;1,008628
"519";52;1,008626
"520";52,1;1,008624
"521";52,2;1,008622
"522";52,3;1,008619
"523";52,4;1,008617
"524";52,5;1,008615
"525";52,6;1,008613
"526";52,7;1,00861
"527";52,8;1,008608
"528";52,9;1,008606
"529";53;1,008604
"530";53,1;1,008601
"531";53,2;1,008599
"532";53,3;1,008597
"533";53,4;1,008594
"534";53,5;1,008592
"535";53,6;1,00859
"536";53,7;1,008587
"537";53,8;1,008585
"538";53,9;1,008582
"539";54;1,00858
"540";54,1;1,008577
"541";54,2;1,008575
"542";54,3;1,008572
"543";54,4;1,00857
"544";54,5;1,008567
"545";54,6;1,008565
"546";54,7;1,008562
"547";54,8;1,008559
"548";54,9;1,008557
"549";55;1,008554
"550";55,1;1,008551
"551";55,2;1,008549
"552";55,3;1,008546
"553";55,4;1,008543
"554";55,5;1,008541
"555";55,6;1,008538
"556";55,7;1,008535
"557";55,8;1,008532
"558";55,9;1,008529
"559";56;1,008526
"560";56,1;1,008054
"561";56,2;1,007609
"562";56,3;1,007187
"563";56,4;1,006788
"564";56,5;1,00641
"565";56,6;1,006052
"566";56,7;1,005712
"567";56,8;1,00539
"568";56,9;1,005083
"569";57;1,004792
"570";57,1;1,004515
"571";57,2;1,004251
"572";57,3;1,004
"573";57,4;1,003761
"574";57,5;1,003533
"575";57,6;1,003316
"576";57,7;1,003108
"577";57,8;1,00291
"578";57,9;1,002721
"579";58;1,002541
"580";58,1;1,002368
"581";58,2;1,002203
"582";58,3;1,002046
"583";58,4;1,001895
"584";58,5;1,001751
"585";58,6;1,001613
"586";58,7;1,00148
"587";58,8;1,001354
"588";58,9;1,001232
"589";59;1,001116
"590";59,1;1,001005
"591";59,2;1,000898
"592";59,3;1,000795
"593";59,4;1,000697
"594";59,5;1,000603
"595";59,6;1,000512
"596";59,7;1,000426
"597";59,8;1,000342
"598";59,9;1,000262
"599";60;1,000185
"600";60,1;1,000112
"601";60,2;1,000041
"602";60,3;0,999973
"603";60,4;0,999907
"604";60,5;0,999844
"605";60,6;0,999784
"606";60,7;0,999726
"607";60,8;0,99967
"608";60,9;0,999616
"609";61;0,999564
"610";61,1;0,999515
"611";61,2;0,999467
"612";61,3;0,999421
"613";61,4;0,999377
"614";61,5;0,999334
"615";61,6;0,999293
"616";61,7;0,999254
"617";61,8;0,999216
"618";61,9;0,999179
"619";62;0,999144
"620";62,1;0,99911
"621";62,2;0,999077
"622";62,3;0,999046
"623";62,4;0,999015
"624";62,5;0,998986
"625";62,6;0,998958
"626";62,7;0,998931
"627";62,8;0,998905
"628";62,9;0,99888
"629";63;0,998855
"630";63,1;0,998832
"631";63,2;0,998809
"632";63,3;0,998787
"633";63,4;0,998767
"634";63,5;0,998746
"635";63,6;0,998727
"636";63,7;0,998708
"637";63,8;0,99869
"638";63,9;0,998672
"639";64;0,998655
"640";64,1;0,998639
"641";64,2;0,998623
"642";64,3;0,998608
"643";64,4;0,998593
"644";64,5;0,998579
"645";64,6;0,998565
"646";64,7;0,998552
"647";64,8;0,998539
"648";64,9;0,998527
"649";65;0,998515
"650";65,1;0,998504
"651";65,2;0,998493
"652";65,3;0,998482
"653";65,4;0,998471
"654";65,5;0,998461
"655";65,6;0,998452
"656";65,7;0,998442
"657";65,8;0,998433
"658";65,9;0,998424
"659";66;0,998416
"660";66,1;0,998408
"661";66,2;0,9984
"662";66,3;0,998392
"663";66,4;0,998385
"664";66,5;0,998378
"665";66,6;0,998371
"666";66,7;0,998364
"667";66,8;0,998357
"668";66,9;0,998351
"669";67;0,998345
"670";67,1;0,998339
"671";67,2;0,998333
"672";67,3;0,998327
"673";67,4;0,998322
"674";67,5;0,998317
"675";67,6;0,998312
"676";67,7;0,998307
"677";67,8;0,998302
"678";67,9;0,998297
"679";68;0,998293
"680";68,1;0,998288
"681";68,2;0,998284
"682";68,3;0,99828
"683";68,4;0,998276
"684";68,5;0,998272
"685";68,6;0,998268
"686";68,7;0,998265
"687";68,8;0,998261
"688";68,9;0,998257
"689";69;0,998254
"690";69,1;0,998251
"691";69,2;0,998248
"692";69,3;0,998244
"693";69,4;0,998241
"694";69,5;0,998238
"695";69,6;0,998235
"696";69,7;0,998233
"697";69,8;0,99823
"698";69,9;0,998227
"699";70;0,998225
"700";70,1;0,998222
"701";70,2;0,99822
"702";70,3;0,998217
"703";70,4;0,998215
"704";70,5;0,998212
"705";70,6;0,99821
"706";70,7;0,998208
"707";70,8;0,998206
"708";70,9;0,998204
"709";71;0,998202
"710";71,1;0,998199
"711";71,2;0,998197
"712";71,3;0,998196
"713";71,4;0,998194
"714";71,5;0,998192
"715";71,6;0,99819
"716";71,7;0,998188
"717";71,8;0,998186
"718";71,9;0,998185
"719";72;0,998183
"720";72,1;0,998181
"721";72,2;0,99818
"722";72,3;0,998178
"723";72,4;0,998176
"724";72,5;0,998175
"725";72,6;0,998173
"726";72,7;0,998172
"727";72,8;0,99817
"728";72,9;0,998169
"729";73;0,998167
"730";73,1;0,998166
"731";73,2;0,998165
"732";73,3;0,998163
"733";73,4;0,998162
"734";73,5;0,998161
"735";73,6;0,998159
"736";73,7;0,998158
"737";73,8;0,998157
"738";73,9;0,998155
"739";74;0,998154
"740";74,1;0,998153
"741";74,2;0,998152
"742";74,3;0,998151
"743";74,4;0,998149
"744";74,5;0,998148
"745";74,6;0,998147
"746";74,7;0,998146
"747";74,8;0,998145
"748";74,9;0,998144
"749";75;0,998143
"750";75,1;0,99812
"751";75,2;0,998098
"752";75,3;0,998076
"753";75,4;0,998056
"754";75,5;0,998036
"755";75,6;0,998017
"756";75,7;0,997999
"757";75,8;0,997981
"758";75,9;0,997964
"759";76;0,997947
"760";76,1;0,997931
"761";76,2;0,997915
"762";76,3;0,9979
"763";76,4;0,997886
"764";76,5;0,997872
"765";76,6;0,997859
"766";76,7;0,997846
"767";76,8;0,997833
"768";76,9;0,997821
"769";77;0,997809
"770";77,1;0,997798
"771";77,2;0,997787
"772";77,3;0,997776
"773";77,4;0,997766
"774";77,5;0,997756
"775";77,6;0,997747
"776";77,7;0,997737
"777";77,8;0,997728
"778";77,9;0,99772
"779";78;0,997711
"780";78,1;0,997703
"781";78,2;0,997695
"782";78,3;0,997688
"783";78,4;0,99768
"784";78,5;0,997673
"785";78,6;0,997667
"786";78,7;0,99766
"787";78,8;0,997653
"788";78,9;0,997647
"789";79;0,997641
"790";79,1;0,997635
"791";79,2;0,99763
"792";79,3;0,997624
"793";79,4;0,997619
"794";79,5;0,997614
"795";79,6;0,997609
"796";79,7;0,997604
"797";79,8;0,997599
"798";79,9;0,997595
"799";80;0,99759
"800";80,1;0,997586
"801";80,2;0,997582
"802";80,3;0,997578
"803";80,4;0,997574
"804";80,5;0,99757
"805";80,6;0,997567
"806";80,7;0,997563
"807";80,8;0,99756
"808";80,9;0,997557
"809";81;0,997553
"810";81,1;0,99755
"811";81,2;0,997547
"812";81,3;0,997544
"813";81,4;0,997541
"814";81,5;0,997538
"815";81,6;0,997536
"816";81,7;0,997533
"817";81,8;0,997531
"818";81,9;0,997528
"819";82;0,997526
"820";82,1;0,997523
"821";82,2;0,99749
"822";82,3;0,997459
"823";82,4;0,997428
"824";82,5;0,997399
"825";82,6;0,99737
"826";82,7;0,997342
"827";82,8;0,997316
"828";82,9;0,99729
"829";83;0,997265
"830";83,1;0,997241
"831";83,2;0,997218
"832";83,3;0,997195
"833";83,4;0,997174
"834";83,5;0,997153
"835";83,6;0,997132
"836";83,7;0,997113
"837";83,8;0,997094
"838";83,9;0,997075
"839";84;0,997058
"840";84,1;0,997041
"841";84,2;0,997024
"842";84,3;0,997008
"843";84,4;0,996993
"844";84,5;0,996978
"845";84,6;0,996963
"846";84,7;0,996949
"847";84,8;0,996936
"848";84,9;0,996923
"849";85;0,99691
"850";85,1;0,996898
"851";85,2;0,996886
"852";85,3;0,996874
"853";85,4;0,996863
"854";85,5;0,996852
"855";85,6;0,996842
"856";85,7;0,996832
"857";85,8;0,996822
"858";85,9;0,996813
"859";86;0,996804
"860";86,1;0,996795
"861";86,2;0,996786
"862";86,3;0,996778
"863";86,4;0,99677
"864";86,5;0,996762
"865";86,6;0,996755
"866";86,7;0,996747
"867";86,8;0,99674
"868";86,9;0,996734
"869";87;0,996727
"870";87,1;0,996721
"871";87,2;0,996714
"872";87,3;0,996708
"873";87,4;0,996703
"874";87,5;0,996697
"875";87,6;0,996691
"876";87,7;0,996686
"877";87,8;0,996681
"878";87,9;0,996676
"879";88;0,996671
"880";88,1;0,996667
"881";88,2;0,996662
"882";88,3;0,996658
"883";88,4;0,996653
"884";88,5;0,996649
"885";88,6;0,996645
"886";88,7;0,996641
"887";88,8;0,996638
"888";88,9;0,996634
"889";89;0,99663
"890";89,1;0,996627
"891";89,2;0,996624
"892";89,3;0,99662
"893";89,4;0,996617
"894";89,5;0,996614
"895";89,6;0,996611
"896";89,7;0,996608
"897";89,8;0,996606
"898";89,9;0,996603
"899";90;0,9966
"900";90,1;0,996598
"901";90,2;0,996595
"902";90,3;0,996593
"903";90,4;0,99659
"904";90,5;0,996588
"905";90,6;0,996586
"906";90,7;0,996584
"907";90,8;0,996582
"908";90,9;0,99658
"909";91;0,996578
"910";91,1;0,996576
"911";91,2;0,996574
"912";91,3;0,996572
"913";91,4;0,99657
"914";91,5;0,996569
"915";91,6;0,996567
"916";91,7;0,996565
"917";91,8;0,996564
"918";91,9;0,996562
"919";92;0,996561
"920";92,1;0,996559
"921";92,2;0,996558
"922";92,3;0,996556
"923";92,4;0,996555
"924";92,5;0,996554
"925";92,6;0,996552
"926";92,7;0,996551
"927";92,8;0,99655
"928";92,9;0,996549
"929";93;0,996547
"930";93,1;0,996546
"931";93,2;0,996545
"932";93,3;0,996544
"933";93,4;0,996543
"934";93,5;0,996542
"935";93,6;0,996541
"936";93,7;0,99654
"937";93,8;0,996539
"938";93,9;0,996538
"939";94;0,996537
"940";94,1;0,996536
"941";94,2;0,996535
"942";94,3;0,996535
"943";94,4;0,996534
"944";94,5;0,996533
"945";94,6;0,996532
"946";94,7;0,996531
"947";94,8;0,99653
"948";94,9;0,99653
"949";95;0,996529
"950";95,1;0,996528
"951";95,2;0,996528
"952";95,3;0,996527
"953";95,4;0,996526
"954";95,5;0,996525
"955";95,6;0,996525
"956";95,7;0,996524
"957";95,8;0,996523
"958";95,9;0,996523
"959";96;0,996522
"960";96,1;0,996522
"961";96,2;0,996521
"962";96,3;0,99652
"963";96,4;0,99652
"964";96,5;0,996519
"965";96,6;0,996519
"966";96,7;0,996518
"967";96,8;0,996518
"968";96,9;0,996517
"969";97;0,996517
"970";97,1;0,996516
"971";97,2;0,996516
"972";97,3;0,996515
"973";97,4;0,996515
"974";97,5;0,996514
"975";97,6;0,996514
"976";97,7;0,996513
"977";97,8;0,996513
"978";97,9;0,996512
"979";98;0,996512
"980";98,1;0,996511
"981";98,2;0,996511
"982";98,3;0,996511
"983";98,4;0,99651
"984";98,5;0,99651
"985";98,6;0,996509
"986";98,7;0,996509
"987";98,8;0,996508
"988";98,9;0,996508
"989";99;0,996508
"990";99,1;0,996507
"991";99,2;0,996507
"992";99,3;0,996507
"993";99,4;0,996506
"994";99,5;0,996506
"995";99,6;0,996505
"996";99,7;0,996505
"997";99,8;0,996505
"998";99,9;0,996504
"999";100;0,996504
"1000";100,1;0,996504
"1001";100,2;0,996503
"1002";100,3;0,996503
"1003";100,4;0,996503
"1004";100,5;0,996502
"1005";100,6;0,996502
"1006";100,7;0,996502
"1007";100,8;0,996501
"1008";100,9;0,996501
"1009";101;0,996501
"1010";101,1;0,9965
"1011";101,2;0,9965
"1012";101,3;0,9965
"1013";101,4;0,996499
"1014";101,5;0,996499
"1015";101,6;0,996499
"1016";101,7;0,996498
"1017";101,8;0,996498
"1018";101,9;0,996498
"1019";102;0,996498
"1020";102,1;0,996497
"1021";102,2;0,996497
"1022";102,3;0,996497
"1023";102,4;0,996496
"1024";102,5;0,996496
"1025";102,6;0,996496
"1026";102,7;0,996496
"1027";102,8;0,996495
"1028";102,9;0,996495
"1029";103;0,996495
"1030";103,1;0,996494
"1031";103,2;0,996494
"1032";103,3;0,996494
"1033";103,4;0,996494
"1034";103,5;0,996493
"1035";103,6;0,996493
"1036";103,7;0,996493
"1037";103,8;0,996493
"1038";103,9;0,996492
"1039";104;0,996492
"1040";104,1;0,996492
"1041";104,2;0,996492
"1042";104,3;0,996491
"1043";104,4;0,996491
"1044";104,5;0,996491
"1045";104,6;0,996491
"1046";104,7;0,99649
"1047";104,8;0,99649
"1048";104,9;0,99649
"1049";105;0,99649
"1050";105,1;0,996489
"1051";105,2;0,996489
"1052";105,3;0,996489
"1053";105,4;0,996489
"1054";105,5;0,996488
"1055";105,6;0,996488
"1056";105,7;0,996488
"1057";105,8;0,996488
"1058";105,9;0,996487
"1059";106;0,996487
"1060";106,1;0,996487
"1061";106,2;0,996487
"1062";106,3;0,996486
"1063";106,4;0,996486
"1064";106,5;0,996486
"1065";106,6;0,996486
"1066";106,7;0,996486
"1067";106,8;0,996485
"1068";106,9;0,996485
"1069";107;0,996485
"1070";107,1;0,996485
"1071";107,2;0,996484
"1072";107,3;0,996484
"1073";107,4;0,996484
"1074";107,5;0,996484
"1075";107,6;0,996484
"1076";107,7;0,996483
"1077";107,8;0,996483
"1078";107,9;0,996483
"1079";108;0,996483
"1080";108,1;0,996483
"1081";108,2;0,996482
"1082";108,3;0,996482
"1083";108,4;0,996482
"1084";108,5;0,996482
"1085";108,6;0,996481
"1086";108,7;0,996481
"1087";108,8;0,996481
"1088";108,9;0,996481
"1089";109;0,996481
"1090";109,1;0,99648
"1091";109,2;0,99648
"1092";109,3;0,99648
"1093";109,4;0,99648
"1094";109,5;0,99648
"1095";109,6;0,996479
"1096";109,7;0,996479
"1097";109,8;0,996479
"1098";109,9;0,996479
"1099";110;0,996479
"1100";110,1;0,996478
"1101";110,2;0,996478
"1102";110,3;0,996478
"1103";110,4;0,996478
"1104";110,5;0,996478
"1105";110,6;0,996478
"1106";110,7;0,996477
"1107";110,8;0,996477
"1108";110,9;0,996477
"1109";111;0,996477
"1110";111,1;0,996477
"1111";111,2;0,996476
"1112";111,3;0,996476
"1113";111,4;0,996476
"1114";111,5;0,996476
"1115";111,6;0,996476
"1116";111,7;0,996475
"1117";111,8;0,996475
"1118";111,9;0,996475
"1119";112;0,996475
"1120";112,1;0,996475
"1121";112,2;0,996475
"1122";112,3;0,996474
"1123";112,4;0,996474
"1124";112,5;0,996474
"1125";112,6;0,996474
"1126";112,7;0,996474
"1127";112,8;0,996473
"1128";112,9;0,996473
"1129";113;0,996473
"1130";113,1;0,996473
"1131";113,2;0,996473
"1132";113,3;0,996473
"1133";113,4;0,996472
"1134";113,5;0,996472
"1135";113,6;0,996472
"1136";113,7;0,996472
"1137";113,8;0,996472
"1138";113,9;0,996472
"1139";114;0,996471
"1140";114,1;0,996471
"1141";114,2;0,996471
"1142";114,3;0,996471
"1143";114,4;0,996471
"1144";114,5;0,996471
"1145";114,6;0,99647
"1146";114,7;0,99647
"1147";114,8;0,99647
"1148";114,9;0,99647
"1149";115;0,99647
"1150";115,1;0,99647
"1151";115,2;0,996469
"1152";115,3;0,996469
"1153";115,4;0,996469
"1154";115,5;0,996469
"1155";115,6;0,996469
"1156";115,7;0,996469
"1157";115,8;0,996468
"1158";115,9;0,996468
"1159";116;0,996468
"1160";116,1;0,996468
"1161";116,2;0,996468
"1162";116,3;0,996468
"1163";116,4;0,996468
"1164";116,5;0,996467
"1165";116,6;0,996467
"1166";116,7;0,996467
"1167";116,8;0,996467
"1168";116,9;0,996467
"1169";117;0,996467
"1170";117,1;0,996467
"1171";117,2;0,996572
"1172";117,3;0,996674
"1173";117,4;0,996773
"1174";117,5;0,996868
"1175";117,6;0,996961
"1176";117,7;0,99705
"1177";117,8;0,997136
"1178";117,9;0,997219
"1179";118;0,997299
"1180";118,1;0,997377
"1181";118,2;0,997452
"1182";118,3;0,997524
"1183";118,4;0,997594
"1184";118,5;0,997661
"1185";118,6;0,997726
"1186";118,7;0,997789
"1187";118,8;0,997849
"1188";118,9;0,997908
"1189";119;0,997964
"1190";119,1;0,998018
"1191";119,2;0,99807
"1192";119,3;0,998121
"1193";119,4;0,998169
"1194";119,5;0,998216
"1195";119,6;0,998261
"1196";119,7;0,998305
"1197";119,8;0,998346
"1198";119,9;0,998387
"1199";120;0,998426
"1200";120,1;0,998463
"1201";120,2;0,998499
"1202";120,3;0,998534
"1203";120,4;0,998567
"1204";120,5;0,9986
"1205";120,6;0,998631
"1206";120,7;0,99866
"1207";120,8;0,998689
"1208";120,9;0,998717
"1209";121;0,998744
"1210";121,1;0,998769
"1211";121,2;0,998794
"1212";121,3;0,998818
"1213";121,4;0,99884
"1214";121,5;0,998862
"1215";121,6;0,998884
"1216";121,7;0,998904
"1217";121,8;0,998924
"1218";121,9;0,998942
"1219";122;0,998961
"1220";122,1;0,998978
"1221";122,2;0,998995
"1222";122,3;0,999011
"1223";122,4;0,999026
"1224";122,5;0,999041
"1225";122,6;0,999056
"1226";122,7;0,99907
"1227";122,8;0,999083
"1228";122,9;0,999096
"1229";123;0,999108
"1230";123,1;0,99912
"1231";123,2;0,999131
"1232";123,3;0,999142
"1233";123,4;0,999153
"1234";123,5;0,999163
"1235";123,6;0,999172
"1236";123,7;0,999182
"1237";123,8;0,999191
"1238";123,9;0,999199
"1239";124;0,999208
"1240";124,1;0,999215
"1241";124,2;0,999223
"1242";124,3;0,99923
"1243";124,4;0,999238
"1244";124,5;0,999244
"1245";124,6;0,999251
"1246";124,7;0,999257
"1247";124,8;0,999263
"1248";124,9;0,999269
"1249";125;0,999274
"1250";125,1;0,99928
"1251";125,2;0,999285
"1252";125,3;0,99929
"1253";125,4;0,999294
"1254";125,5;0,999299
"1255";125,6;0,999303
"1256";125,7;0,999308
"1257";125,8;0,999312
"1258";125,9;0,999315
"1259";126;0,999319
"1260";126,1;0,999323
"1261";126,2;0,999326
"1262";126,3;0,999329
"1263";126,4;0,999332
"1264";126,5;0,999335
"1265";126,6;0,999338
"1266";126,7;0,999341
"1267";126,8;0,999344
"1268";126,9;0,999346
"1269";127;0,999349
"1270";127,1;0,999351
"1271";127,2;0,999353
"1272";127,3;0,999355
"1273";127,4;0,999357
"1274";127,5;0,999359
"1275";127,6;0,999361
"1276";127,7;0,999363
"1277";127,8;0,999365
"1278";127,9;0,999367
"1279";128;0,999368
"1280";128,1;0,99937
"1281";128,2;0,999371
"1282";128,3;0,999372
"1283";128,4;0,999374
"1284";128,5;0,999375
"1285";128,6;0,999376
"1286";128,7;0,999377
"1287";128,8;0,999379
"1288";128,9;0,99938
"1289";129;0,999381
"1290";129,1;0,999382
"1291";129,2;0,999382
"1292";129,3;0,999383
"1293";129,4;0,999384
"1294";129,5;0,999385
"1295";129,6;0,999386
"1296";129,7;0,999386
"1297";129,8;0,999387
"1298";129,9;0,999388
"1299";130;0,999388
"1300";130,1;0,999389
"1301";130,2;0,99939
"1302";130,3;0,99939
"1303";130,4;0,999391
"1304";130,5;0,999391
"1305";130,6;0,999392
"1306";130,7;0,999392
"1307";130,8;0,999392
"1308";130,9;0,999393
"1309";131;0,999393
"1310";131,1;0,999393
"1311";131,2;0,999394
"1312";131,3;0,999394
"1313";131,4;0,999394
"1314";131,5;0,999395
"1315";131,6;0,999395
"1316";131,7;0,999395
"1317";131,8;0,999395
"1318";131,9;0,999396
"1319";132;0,999396
"1320";132,1;0,999396
"1321";132,2;0,999396
"1322";132,3;0,999396
"1323";132,4;0,999396
"1324";132,5;0,999396
"1325";132,6;0,999397
"1326";132,7;0,999397
"1327";132,8;0,999397
"1328";132,9;0,999397
"1329";133;0,999397
"1330";133,1;0,999397
"1331";133,2;0,999397
"1332";133,3;0,999397
"1333";133,4;0,999397
"1334";133,5;0,999397
"1335";133,6;0,999397
"1336";133,7;0,999397
"1337";133,8;0,999397
"1338";133,9;0,999397
"1339";134;0,999397
"1340";134,1;0,999397
"1341";134,2;0,999397
"1342";134,3;0,999397
"1343";134,4;0,999397
"1344";134,5;0,999397
"1345";134,6;0,999397
"1346";134,7;0,999397
"1347";134,8;0,999397
"1348";134,9;0,999397
"1349";135;0,999397
"1350";135,1;0,999396
"1351";135,2;0,999396
"1352";135,3;0,999396
"1353";135,4;0,999396
"1354";135,5;0,999396
"1355";135,6;0,999396
"1356";135,7;0,999396
"1357";135,8;0,999396
"1358";135,9;0,999396
"1359";136;0,999396
"1360";136,1;0,999395
"1361";136,2;0,999395
"1362";136,3;0,999395
"1363";136,4;0,999395
"1364";136,5;0,999395
"1365";136,6;0,999395
"1366";136,7;0,999395
"1367";136,8;0,999395
"1368";136,9;0,999395
"1369";137;0,999394
"1370";137,1;0,999394
"1371";137,2;0,999394
"1372";137,3;0,999394
"1373";137,4;0,999394
"1374";137,5;0,999394
"1375";137,6;0,999394
"1376";137,7;0,999393
"1377";137,8;0,999393
"1378";137,9;0,999393
"1379";138;0,999393
"1380";138,1;0,999393
"1381";138,2;0,999393
"1382";138,3;0,999393
"1383";138,4;0,999392
"1384";138,5;0,999392
"1385";138,6;0,999392
"1386";138,7;0,999392
"1387";138,8;0,999392
"1388";138,9;0,999392
"1389";139;0,999391
"1390";139,1;0,999391
"1391";139,2;0,999391
"1392";139,3;0,999391
"1393";139,4;0,999391
"1394";139,5;0,999391
"1395";139,6;0,99939
"1396";139,7;0,99939
"1397";139,8;0,99939
"1398";139,9;0,99939
"1399";140;0,99939
"1400";140,1;0,99939
"1401";140,2;0,99939
"1402";140,3;0,999389
"1403";140,4;0,999389
"1404";140,5;0,999389
"1405";140,6;0,999389
"1406";140,7;0,999389
"1407";140,8;0,999389
"1408";140,9;0,999388
"1409";141;0,999388
"1410";141,1;0,999388
"1411";141,2;1,021556
"1412";141,3;1,021035
"1413";141,4;1,020535
"1414";141,5;1,020057
"1415";141,6;1,019597
"1416";141,7;1,019156
"1417";141,8;1,018733
"1418";141,9;1,018325
"1419";142;1,017933
"1420";142,1;0,999055
"1421";142,2;0,999028
"1422";142,3;0,999002
"1423";142,4;0,998977
"1424";142,5;0,998954
"1425";142,6;0,998931
"1426";142,7;0,998908
"1427";142,8;0,998887
"1428";142,9;0,998867
"1429";143;0,998847
"1430";143,1;0,998828
"1431";143,2;0,99881
"1432";143,3;0,998792
"1433";143,4;0,998775
"1434";143,5;0,998759
"1435";143,6;0,998743
"1436";143,7;0,998728
"1437";143,8;0,998713
"1438";143,9;0,998699
"1439";144;0,998686
"1440";144,1;0,998673
"1441";144,2;0,99866
"1442";144,3;0,998648
"1443";144,4;0,998636
"1444";144,5;0,998625
"1445";144,6;0,998614
"1446";144,7;0,998604
"1447";144,8;0,998594
"1448";144,9;0,998584
"1449";145;0,998575
"1450";145,1;0,998566
"1451";145,2;0,998557
"1452";145,3;0,998549
"1453";145,4;0,998541
"1454";145,5;0,998533
"1455";145,6;0,998525
"1456";145,7;0,998518
"1457";145,8;0,998511
"1458";145,9;0,998505
"1459";146;0,998498
"1460";146,1;0,998492
"1461";146,2;0,998486
"1462";146,3;0,99848
"1463";146,4;0,998475
"1464";146,5;0,998469
"1465";146,6;0,998464
"1466";146,7;0,998459
"1467";146,8;0,998454
"1468";146,9;0,99845
"1469";147;0,998445
"1470";147,1;0,998441
"1471";147,2;1,000343
"1472";147,3;1,002172
"1473";147,4;1,003924
"1474";147,5;1,005597
"1475";147,6;1,007187
"1476";147,7;1,008695
"1477";147,8;1,010121
"1478";147,9;1,011464
"1479";148;1,012727
"1480";148,1;1,013911
"1481";148,2;1,013113
"1482";148,3;1,012367
"1483";148,4;1,011668
"1484";148,5;1,011013
"1485";148,6;1,010398
"1486";148,7;1,009819
"1487";148,8;1,009275
"1488";148,9;1,008762
"1489";149;1,008278
"1490";149,1;1,007821
"1491";149,2;1,007389
"1492";149,3;1,006981
"1493";149,4;1,006594
"1494";149,5;1,006227
"1495";149,6;1,00588
"1496";149,7;1,00555
"1497";149,8;1,005237
"1498";149,9;1,004939
"1499";150;1,004657
"1500";150,1;1,004388
"1501";150,2;1,004131
"1502";150,3;1,003888
"1503";150,4;1,003655
"1504";150,5;1,003434
"1505";150,6;1,003223
"1506";150,7;1,003021
"1507";150,8;1,002829
"1508";150,9;1,002645
"1509";151;1,00247
"1510";151,1;1,002302
"1511";151,2;1,002142
"1512";151,3;1,001989
"1513";151,4;1,001842
"1514";151,5;1,001702
"1515";151,6;1,001568
"1516";151,7;1,001439
"1517";151,8;1,001316
"1518";151,9;1,001198
"1519";152;1,001086
"1520";152,1;1,000977
"1521";152,2;1,000874
"1522";152,3;1,000774
"1523";152,4;1,000679
"1524";152,5;1,000588
"1525";152,6;1,0005
"1526";152,7;1,000416
"1527";152,8;1,000335
"1528";152,9;1,000258
"1529";153;1,000183
"1530";153,1;1,000112
"1531";153,2;1,000044
"1532";153,3;0,999978
"1533";153,4;0,999914
"1534";153,5;0,999854
"1535";153,6;0,999795
"1536";153,7;0,999739
"1537";153,8;0,999685
"1538";153,9;0,999634
"1539";154;0,999584
"1540";154,1;0,999536
"1541";154,2;0,99949
"1542";154,3;0,999446
"1543";154,4;0,999403
"1544";154,5;0,999363
"1545";154,6;0,999323
"1546";154,7;0,999285
"1547";154,8;0,999249
"1548";154,9;0,999214
"1549";155;0,99918
"1550";155,1;0,999148
"1551";155,2;0,999434
"1552";155,3;0,999709
"1553";155,4;0,999973
"1554";155,5;1,000227
"1555";155,6;1,000471
"1556";155,7;1,000705
"1557";155,8;1,00093
"1558";155,9;1,001145
"1559";156;1,001351
"1560";156,1;1,001548
"1561";156,2;1,001738
"1562";156,3;1,001919
"1563";156,4;1,002092
"1564";156,5;1,002258
"1565";156,6;1,002416
"1566";156,7;1,002567
"1567";156,8;1,002712
"1568";156,9;1,00285
"1569";157;1,002982
"1570";157,1;1,003108
"1571";157,2;1,003228
"1572";157,3;1,003343
"1573";157,4;1,003452
"1574";157,5;1,003557
"1575";157,6;1,003656
"1576";157,7;1,003751
"1577";157,8;1,003842
"1578";157,9;1,003928
"1579";158;1,00401
"1580";158,1;1,004088
"1581";158,2;1,004162
"1582";158,3;1,004233
"1583";158,4;1,004301
"1584";158,5;1,004365
"1585";158,6;1,004426
"1586";158,7;1,004485
"1587";158,8;1,00454
"1588";158,9;1,004593
"1589";159;1,004643
"1590";159,1;1,00469
"1591";159,2;1,004736
"1592";159,3;1,004779
"1593";159,4;1,00482
"1594";159,5;1,004859
"1595";159,6;1,004896
"1596";159,7;1,004931
"1597";159,8;1,004965
"1598";159,9;1,004996
"1599";160;1,005027
"1600";160,1;1,005055
"1601";160,2;1,005083
"1602";160,3;1,005109
"1603";160,4;1,005133
"1604";160,5;1,005157
"1605";160,6;1,005179
"1606";160,7;1,0052
"1607";160,8;1,00522
"1608";160,9;1,005239
"1609";161;1,005257
"1610";161,1;1,005274
"1611";161,2;1,00529
"1612";161,3;1,005306
"1613";161,4;1,00532
"1614";161,5;1,005334
"1615";161,6;1,005347
"1616";161,7;1,00536
"1617";161,8;1,005371
"1618";161,9;1,005383
"1619";162;1,005393
"1620";162,1;1,005403
"1621";162,2;1,005413
"1622";162,3;1,005422
"1623";162,4;1,00543
"1624";162,5;1,005439
"1625";162,6;1,005446
"1626";162,7;1,005453
"1627";162,8;1,00546
"1628";162,9;1,005467
"1629";163;1,005473
"1630";163,1;1,005479
"1631";163,2;1,005484
"1632";163,3;1,005489
"1633";163,4;1,005494
"1634";163,5;1,005499
"1635";163,6;1,005503
"1636";163,7;1,005508
"1637";163,8;1,005511
"1638";163,9;1,005515
"1639";164;1,005519
"1640";164,1;1,005522
"1641";164,2;1,005525
"1642";164,3;1,005528
"1643";164,4;1,00553
"1644";164,5;1,005533
"1645";164,6;1,005535
"1646";164,7;1,005538
"1647";164,8;1,00554
"1648";164,9;1,005542
"1649";165;1,005543
"1650";165,1;1,005545
"1651";165,2;1,005547
"1652";165,3;1,005548
"1653";165,4;1,00555
"1654";165,5;1,005551
"1655";165,6;1,005552
"1656";165,7;1,005553
"1657";165,8;1,005554
"1658";165,9;1,005555
"1659";166;1,005556
"1660";166,1;1,005557
"1661";166,2;1,005557
"1662";166,3;1,005558
"1663";166,4;1,005559
"1664";166,5;1,005559
"1665";166,6;1,00556
"1666";166,7;1,00556
"1667";166,8;1,00556
"1668";166,9;1,005561
"1669";167;1,005561
"1670";167,1;1,005561
"1671";167,2;1,005561
"1672";167,3;1,005561
"1673";167,4;1,005561
"1674";167,5;1,005561
"1675";167,6;1,005561
"1676";167,7;1,005561
"1677";167,8;1,005561
"1678";167,9;1,005561
"1679";168;1,005561
"1680";168,1;1,005561
"1681";168,2;1,005561
"1682";168,3;1,00556
"1683";168,4;1,00556
"1684";168,5;1,00556
"1685";168,6;1,00556
"1686";168,7;1,005559
"1687";168,8;1,005559
"1688";168,9;1,005559
"1689";169;1,005558
"1690";169,1;1,005558
"1691";169,2;1,005557
"1692";169,3;1,005557
"1693";169,4;1,005556
"1694";169,5;1,005556
"1695";169,6;1,005556
"1696";169,7;1,005555
"1697";169,8;1,005555
"1698";169,9;1,005554
"1699";170;1,005553
"1700";170,1;1,005553
"1701";170,2;1,023909
"1702";170,3;1,023319
"1703";170,4;1,022754
"1704";170,5;1,022212
"1705";170,6;1,021692
"1706";170,7;1,021192
"1707";170,8;1,020713
"1708";170,9;1,020252
"1709";171;1,019809
"1710";171,1;1,019382
"1711";171,2;1,018972
"1712";171,3;1,018577
"1713";171,4;1,018196
"1714";171,5;1,017828
"1715";171,6;1,017474
"1716";171,7;1,017133
"1717";171,8;1,002482
"1718";171,9;1,002367
"1719";172;1,002256
"1720";172,1;1,002151
"1721";172,2;1,002051
"1722";172,3;1,001954
"1723";172,4;1,001862
"1724";172,5;1,001774
"1725";172,6;1,00169
"1726";172,7;1,001609
"1727";172,8;1,001532
"1728";172,9;1,001458
"1729";173;1,001387
"1730";173,1;1,001319
"1731";173,2;1,001254
"1732";173,3;1,001191
"1733";173,4;1,001131
"1734";173,5;1,001074
"1735";173,6;1,001019
"1736";173,7;1,000967
"1737";173,8;1,000916
"1738";173,9;1,000868
"1739";174;1,000821
"1740";174,1;1,000777
"1741";174,2;1,000734
"1742";174,3;1,000693
"1743";174,4;1,000654
"1744";174,5;1,000616
"1745";174,6;1,00058
"1746";174,7;1,000545
"1747";174,8;1,000512
"1748";174,9;1,00048
"1749";175;1,000449
"1750";175,1;1,00042
"1751";175,2;1,000392
"1752";175,3;1,000364
"1753";175,4;1,000338
"1754";175,5;1,000313
"1755";175,6;1,000289
"1756";175,7;1,000266
"1757";175,8;1,000244
"1758";175,9;1,000222
"1759";176;1,000202
"1760";176,1;1,000182
"1761";176,2;1,000163
"1762";176,3;1,000145
"1763";176,4;1,000128
"1764";176,5;1,000111
"1765";176,6;1,000095
"1766";176,7;1,000079
"1767";176,8;1,000064
"1768";176,9;1,00005
"1769";177;1,000036
"1770";177,1;1,000023
"1771";177,2;1,00001
"1772";177,3;0,999998
"1773";177,4;0,999986
"1774";177,5;0,999975
"1775";177,6;0,999964
"1776";177,7;0,999953
"1777";177,8;0,999943
"1778";177,9;0,999934
"1779";178;0,999924
"1780";178,1;0,999915
"1781";178,2;0,999907
"1782";178,3;0,999898
"1783";178,4;0,99989
"1784";178,5;0,999883
"1785";178,6;0,999875
"1786";178,7;0,999868
"1787";178,8;0,999861
"1788";178,9;0,999855
"1789";179;0,999848
"1790";179,1;0,999842
"1791";179,2;0,999836
"1792";179,3;0,99983
"1793";179,4;0,999825
"1794";179,5;0,99982
"1795";179,6;0,999814
"1796";179,7;0,99981
"1797";179,8;0,999805
"1798";179,9;0,9998
"1799";180;0,999796
"1800";180,1;0,999792
"1801";180,2;0,999787
"1802";180,3;0,999783
"1803";180,4;0,99978
"1804";180,5;0,999776
"1805";180,6;0,999772
"1806";180,7;0,999769
"1807";180,8;0,999766
"1808";180,9;0,999762
"1809";181;0,999759
"1810";181,1;0,999756
"1811";181,2;0,999754
"1812";181,3;0,999751
"1813";181,4;0,999748
"1814";181,5;0,999745
"1815";181,6;0,999743
"1816";181,7;0,99974
"1817";181,8;0,999738
"1818";181,9;0,999736
"1819";182;0,999734
"1820";182,1;0,999731
"1821";182,2;0,999729
"1822";182,3;0,999727
"1823";182,4;0,999725
"1824";182,5;0,999724
"1825";182,6;0,999722
"1826";182,7;0,99972
"1827";182,8;0,999718
"1828";182,9;0,999717
"1829";183;0,999715
"1830";183,1;0,999713
"1831";183,2;0,999712
"1832";183,3;0,99971
"1833";183,4;0,999709
"1834";183,5;0,999708
"1835";183,6;0,999706
"1836";183,7;0,999705
"1837";183,8;0,999704
"1838";183,9;0,999702
"1839";184;0,999701
"1840";184,1;0,9997
"1841";184,2;0,999699
"1842";184,3;0,999698
"1843";184,4;0,999697
"1844";184,5;0,999695
"1845";184,6;0,999694
"1846";184,7;0,999693
"1847";184,8;0,999692
"1848";184,9;0,999691
"1849";185;0,99969
"1850";185,1;0,999689
"1851";185,2;0,999689
"1852";185,3;0,999688
"1853";185,4;0,999687
"1854";185,5;0,999686
"1855";185,6;0,999685
"1856";185,7;0,999684
"1857";185,8;0,999684
"1858";185,9;0,999683
"1859";186;0,999682
"1860";186,1;0,999681
"1861";186,2;0,99968
"1862";186,3;0,99968
"1863";186,4;0,999679
"1864";186,5;0,999678
"1865";186,6;0,999678
"1866";186,7;0,999677
"1867";186,8;0,999676
"1868";186,9;0,999676
"1869";187;0,999675
"1870";187,1;0,999674
"1871";187,2;0,999674
"1872";187,3;0,999673
"1873";187,4;0,999672
"1874";187,5;0,999672
"1875";187,6;0,999671
"1876";187,7;0,999671
"1877";187,8;0,99967
"1878";187,9;0,999669
"1879";188;0,999669
"1880";188,1;0,999668
"1881";188,2;0,999668
"1882";188,3;0,999667
"1883";188,4;0,999667
"1884";188,5;0,999666
"1885";188,6;0,999666
"1886";188,7;0,999665
"1887";188,8;0,999665
"1888";188,9;0,999664
"1889";189;0,999663
"1890";189,1;0,999663
"1891";189,2;0,999662
"1892";189,3;0,999662
"1893";189,4;0,999661
"1894";189,5;0,999661
"1895";189,6;0,99966
"1896";189,7;0,99966
"1897";189,8;0,99966
"1898";189,9;0,999659
"1899";190;0,999659
"1900";190,1;0,999658
"1901";190,2;0,999658
"1902";190,3;0,999657
"1903";190,4;0,999657
"1904";190,5;0,999656
"1905";190,6;0,999656
"1906";190,7;0,999655
"1907";190,8;0,999655
"1908";190,9;0,999654
"1909";191;0,999654
"1910";191,1;0,999653
"1911";191,2;0,999653
"1912";191,3;0,999653
"1913";191,4;0,999652
"1914";191,5;0,999652
"1915";191,6;0,999651
"1916";191,7;0,999651
"1917";191,8;0,99965
"1918";191,9;0,99965
"1919";192;0,99965
"1920";192,1;0,999649
"1921";192,2;0,999649
"1922";192,3;0,999648
"1923";192,4;0,999648
"1924";192,5;0,999647
"1925";192,6;0,999647
"1926";192,7;0,999647
"1927";192,8;0,999646
"1928";192,9;0,999646
"1929";193;0,999645
"1930";193,1;0,999645
"1931";193,2;0,999644
"1932";193,3;0,999644
"1933";193,4;0,999644
"1934";193,5;0,999643
"1935";193,6;0,999643
"1936";193,7;0,999642
"1937";193,8;0,999642
"1938";193,9;0,999642
"1939";194;0,999641
"1940";194,1;0,999641
"1941";194,2;0,99964
"1942";194,3;0,99964
"1943";194,4;0,999639
"1944";194,5;0,999639
"1945";194,6;0,999639
"1946";194,7;0,999638
"1947";194,8;0,999638
"1948";194,9;0,999637
"1949";195;0,999637
"1950";195,1;0,999637
"1951";195,2;0,999636
"1952";195,3;0,999636
"1953";195,4;0,999635
"1954";195,5;0,999635
"1955";195,6;0,999635
"1956";195,7;0,999634
"1957";195,8;0,999634
"1958";195,9;0,999633
"1959";196;0,999633
"1960";196,1;0,999633
"1961";196,2;0,999632
"1962";196,3;0,999632
"1963";196,4;0,999631
"1964";196,5;0,999631
"1965";196,6;0,999631
"1966";196,7;0,99963
"1967";196,8;0,99963
"1968";196,9;0,999629
"1969";197;0,999629
"1970";197,1;0,999629
"1971";197,2;0,999628
"1972";197,3;0,999628
"1973";197,4;0,999627
"1974";197,5;0,999627
"1975";197,6;0,999627
"1976";197,7;0,999626
"1977";197,8;0,999626
"1978";197,9;0,999625
"1979";198;0,999625
"1980";198,1;0,999625
"1981";198,2;0,999624
"1982";198,3;0,999624
"1983";198,4;0,999623
"1984";198,5;0,999623
"1985";198,6;0,999623
"1986";198,7;0,999622
"1987";198,8;0,999622
"1988";198,9;0,999622
"1989";199;0,999621
"1990";199,1;0,999621
"1991";199,2;0,99962
"1992";199,3;0,99962
"1993";199,4;0,99962
"1994";199,5;0,999619
"1995";199,6;0,999619
"1996";199,7;0,999618
"1997";199,8;0,999618
"1998";199,9;0,999618
"1999";200;0,999617
"2000";200,1;0,999617
"2001";200,2;0,999616
"2002";200,3;0,999616
"2003";200,4;0,999616
"2004";200,5;0,999615
"2005";200,6;0,999615
"2006";200,7;0,999615
"2007";200,8;0,999614
"2008";200,9;0,999614
"2009";201;0,999613
"2010";201,1;0,999613
"2011";201,2;0,999613
"2012";201,3;0,999612
"2013";201,4;0,999612
"2014";201,5;0,999611
"2015";201,6;0,999611
"2016";201,7;0,999611
"2017";201,8;0,99961
"2018";201,9;0,99961
"2019";202;0,999609
"2020";202,1;0,999609
"2021";202,2;0,999609
"2022";202,3;0,999608
"2023";202,4;0,999608
"2024";202,5;0,999608
"2025";202,6;0,999607
"2026";202,7;0,999607
"2027";202,8;0,999606
"2028";202,9;0,999606
"2029";203;0,999606
"2030";203,1;0,999605
"2031";203,2;0,999605
"2032";203,3;0,999604
"2033";203,4;0,999604
"2034";203,5;0,999604
"2035";203,6;0,999603
"2036";203,7;0,999603
"2037";203,8;0,999603
"2038";203,9;0,999602
"2039";204;0,999602
"2040";204,1;0,999601
"2041";204,2;0,999601
"2042";204,3;0,999601
"2043";204,4;0,9996
"2044";204,5;0,9996
"2045";204,6;0,9996
"2046";204,7;0,999599
"2047";204,8;0,999599
"2048";204,9;0,999598
"2049";205;0,999598
"2050";205,1;0,999598
"2051";205,2;0,999597
"2052";205,3;0,999597
"2053";205,4;0,999596
"2054";205,5;0,999596
"2055";205,6;0,999596
"2056";205,7;0,999595
"2057";205,8;0,999595
"2058";205,9;0,999595
"2059";206;0,999594
"2060";206,1;0,999594
"2061";206,2;0,999593
"2062";206,3;0,999593
"2063";206,4;0,999593
"2064";206,5;0,999592
"2065";206,6;0,999592
"2066";206,7;0,999592
"2067";206,8;0,999591
"2068";206,9;0,999591
"2069";207;0,99959
"2070";207,1;0,99959
"2071";207,2;0,99959
"2072";207,3;0,999589
"2073";207,4;0,999589
"2074";207,5;0,999589
"2075";207,6;0,999588
"2076";207,7;0,999588
"2077";207,8;0,999587
"2078";207,9;0,999587
"2079";208;0,999587
"2080";208,1;0,999586
"2081";208,2;0,999586
"2082";208,3;0,999586
"2083";208,4;0,999585
"2084";208,5;0,999585
"2085";208,6;0,999584
"2086";208,7;0,999584
"2087";208,8;0,999584
"2088";208,9;0,999583
"2089";209;0,999583
"2090";209,1;0,999583
"2091";209,2;0,999582
"2092";209,3;0,999582
"2093";209,4;0,999581
"2094";209,5;0,999581
"2095";209,6;0,999581
"2096";209,7;0,99958
"2097";209,8;0,99958
"2098";209,9;0,99958
"2099";210;0,999579
"2100";210,1;0,999579
"2101";210,2;0,999578
"2102";210,3;0,999578
"2103";210,4;0,999578
"2104";210,5;0,999577
"2105";210,6;0,999577
"2106";210,7;0,999577
"2107";210,8;0,999576
"2108";210,9;0,999576
"2109";211;0,999575
"2110";211,1;0,999575
"2111";211,2;0,999575
"2112";211,3;0,999574
"2113";211,4;0,999574
"2114";211,5;0,999574
"2115";211,6;0,999573
"2116";211,7;0,999573
"2117";211,8;0,999572
"2118";211,9;0,999572
"2119";212;0,999572
"2120";212,1;0,999571
"2121";212,2;0,999571
"2122";212,3;0,999571
"2123";212,4;0,99957
"2124";212,5;0,99957
"2125";212,6;0,99957
"2126";212,7;0,999569
"2127";212,8;0,999569
"2128";212,9;0,999568
"2129";213;0,999568
"2130";213,1;0,999568
"2131";213,2;0,999567
"2132";213,3;0,999567
"2133";213,4;0,999567
"2134";213,5;0,999566
"2135";213,6;0,999566
"2136";213,7;0,999566
"2137";213,8;0,999565
"2138";213,9;0,999565
"2139";214;0,999564
"2140";214,1;0,999564
"2141";214,2;0,999564
"2142";214,3;0,999563
"2143";214,4;0,999563
"2144";214,5;0,999563
"2145";214,6;0,999562
"2146";214,7;0,999562
"2147";214,8;0,999561
"2148";214,9;0,999561
"2149";215;0,999561
"2150";215,1;0,99956
"2151";215,2;0,99956
"2152";215,3;0,99956
"2153";215,4;0,999559
"2154";215,5;0,999559
"2155";215,6;0,999559
"2156";215,7;0,999558
"2157";215,8;0,999558
"2158";215,9;0,999557
"2159";216;0,999557
"2160";216,1;0,999557
"2161";216,2;0,999556
"2162";216,3;0,999556
"2163";216,4;0,999556
"2164";216,5;0,999555
"2165";216,6;0,999555
"2166";216,7;0,999555
"2167";216,8;0,999554
"2168";216,9;0,999554
"2169";217;0,999554
"2170";217,1;0,999553
"2171";217,2;0,999553
"2172";217,3;0,999552
"2173";217,4;0,999552
"2174";217,5;0,999552
"2175";217,6;0,999551
"2176";217,7;0,999551
"2177";217,8;0,999551
"2178";217,9;0,99955
"2179";218;0,99955
"2180";218,1;0,99955
"2181";218,2;0,999549
"2182";218,3;0,999549
"2183";218,4;0,999548
"2184";218,5;0,999548
"2185";218,6;0,999548
"2186";218,7;0,999547
"2187";218,8;0,999547
"2188";218,9;0,999547
"2189";219;0,999546
"2190";219,1;0,999546
"2191";219,2;0,999546
"2192";219,3;0,999545
"2193";219,4;0,999545
"2194";219,5;0,999545
"2195";219,6;0,999544
"2196";219,7;0,999544
"2197";219,8;0,999543
"2198";219,9;0,999543
"2199";220;0,999543
"2200";220,1;0,999542
"2201";220,2;0,999542
"2202";220,3;0,999542
"2203";220,4;0,999541
"2204";220,5;0,999541
"2205";220,6;0,999541
"2206";220,7;0,99954
"2207";220,8;0,99954
"2208";220,9;0,99954
"2209";221;0,999539
"2210";221,1;0,999539
"2211";221,2;0,999538
"2212";221,3;0,999538
"2213";221,4;0,999538
"2214";221,5;0,999537
"2215";221,6;0,999537
"2216";221,7;0,999537
"2217";221,8;0,999536
"2218";221,9;0,999536
"2219";222;0,999536
"2220";222,1;0,999535
"2221";222,2;0,999535
"2222";222,3;0,999535
"2223";222,4;0,999534
"2224";222,5;0,999534
"2225";222,6;0,999534
"2226";222,7;0,999533
"2227";222,8;0,999533
"2228";222,9;0,999532
"2229";223;0,999532
"2230";223,1;0,999532
"2231";223,2;0,999531
"2232";223,3;0,999531
"2233";223,4;0,999531
"2234";223,5;0,99953
"2235";223,6;0,99953
"2236";223,7;0,99953
"2237";223,8;0,999529
"2238";223,9;0,999529
"2239";224;0,999529
"2240";224,1;0,999528
"2241";224,2;0,999528
"2242";224,3;0,999528
"2243";224,4;0,999527
"2244";224,5;0,999527
"2245";224,6;0,999527
"2246";224,7;0,999526
"2247";224,8;0,999526
"2248";224,9;0,999526
"2249";225;0,999525
"2250";225,1;0,999525
"2251";225,2;0,999524
"2252";225,3;0,999524
"2253";225,4;0,999524
"2254";225,5;0,999523
"2255";225,6;0,999523
"2256";225,7;0,999523
"2257";225,8;0,999522
"2258";225,9;0,999522
"2259";226;0,999522
"2260";226,1;0,999521
"2261";226,2;0,999521
"2262";226,3;0,999521
"2263";226,4;0,99952
"2264";226,5;0,99952
"2265";226,6;0,99952
"2266";226,7;0,999519
"2267";226,8;0,999519
"2268";226,9;0,999519
"2269";227;0,999518
"2270";227,1;0,999518
"2271";227,2;0,999518
"2272";227,3;0,999517
"2273";227,4;0,999517
"2274";227,5;0,999517
"2275";227,6;0,999516
"2276";227,7;0,999516
"2277";227,8;0,999515
"2278";227,9;0,999515
"2279";228;0,999515
"2280";228,1;0,999514
"2281";228,2;0,999514
"2282";228,3;0,999514
"2283";228,4;0,999513
"2284";228,5;0,999513
"2285";228,6;0,999513
"2286";228,7;0,999512
"2287";228,8;0,999512
"2288";228,9;0,999512
"2289";229;0,999511
"2290";229,1;0,999511
"2291";229,2;0,999511
"2292";229,3;0,99951
"2293";229,4;0,99951
"2294";229,5;0,99951
"2295";229,6;0,999509
"2296";229,7;0,999509
"2297";229,8;0,999509
"2298";229,9;0,999508
"2299";230;0,999508
"2300";230,1;0,999508
"2301";230,2;0,999562
"2302";230,3;0,999614
"2303";230,4;0,999663
"2304";230,5;0,999711
"2305";230,6;0,999757
"2306";230,7;0,999802
"2307";230,8;0,999844
"2308";230,9;0,999885
"2309";231;0,999924
"2310";231,1;0,999962
"2311";231,2;0,999998
"2312";231,3;1,000032
"2313";231,4;1,000066
"2314";231,5;1,000097
"2315";231,6;1,000128
"2316";231,7;1,000157
"2317";231,8;1,000186
"2318";231,9;1,000213
"2319";232;1,000239
"2320";232,1;1,000264
"2321";232,2;1,000288
"2322";232,3;1,00031
"2323";232,4;1,000332
"2324";232,5;1,000354
"2325";232,6;1,000374
"2326";232,7;1,000393
"2327";232,8;1,000412
"2328";232,9;1,00043
"2329";233;1,000447
"2330";233,1;1,000463
"2331";233,2;1,000479
"2332";233,3;1,000494
"2333";233,4;1,000508
"2334";233,5;1,000522
"2335";233,6;1,000535
"2336";233,7;1,000548
"2337";233,8;1,00056
"2338";233,9;1,000572
"2339";234;1,000583
"2340";234,1;1,000593
"2341";234,2;1,000604
"2342";234,3;1,000613
"2343";234,4;1,000623
"2344";234,5;1,000632
"2345";234,6;1,00064
"2346";234,7;1,000649
"2347";234,8;1,000657
"2348";234,9;1,000664
"2349";235;1,000671
"2350";235,1;1,000678
"2351";235,2;1,000685
"2352";235,3;1,000691
"2353";235,4;1,000697
"2354";235,5;1,000703
"2355";235,6;1,000708
"2356";235,7;1,000714
"2357";235,8;1,000719
"2358";235,9;1,000724
"2359";236;1,000728
"2360";236,1;1,000733
"2361";236,2;1,000737
"2362";236,3;1,000741
"2363";236,4;1,000745
"2364";236,5;1,000748
"2365";236,6;1,000752
"2366";236,7;1,000755
"2367";236,8;1,000758
"2368";236,9;1,000761
"2369";237;1,000764
"2370";237,1;1,000767
"2371";237,2;1,000769
"2372";237,3;1,000772
"2373";237,4;1,000774
"2374";237,5;1,000777
"2375";237,6;1,000779
"2376";237,7;1,000781
"2377";237,8;1,000783
"2378";237,9;1,000785
"2379";238;1,000786
"2380";238,1;1,000788
"2381";238,2;1,00079
"2382";238,3;1,000791
"2383";238,4;1,000792
"2384";238,5;1,000794
"2385";238,6;1,000795
"2386";238,7;1,000796
"2387";238,8;1,000797
"2388";238,9;1,000798
"2389";239;1,000799
"2390";239,1;1,0008
"2391";239,2;1,000801
"2392";239,3;1,000802
"2393";239,4;1,000803
"2394";239,5;1,000804
"2395";239,6;1,000804
"2396";239,7;1,000805
"2397";239,8;1,000806
"2398";239,9;1,000806
"2399";240;1,000807
"2400";240,1;1,000807
"2401";240,2;1,000808
"2402";240,3;1,000808
"2403";240,4;1,000808
"2404";240,5;1,000809
"2405";240,6;1,000809
"2406";240,7;1,000809
"2407";240,8;1,000809
"2408";240,9;1,00081
"2409";241;1,00081
"2410";241,1;1,00081
"2411";241,2;1,00081
"2412";241,3;1,00081
"2413";241,4;1,00081
"2414";241,5;1,00081
"2415";241,6;1,00081
"2416";241,7;1,000811
"2417";241,8;1,000811
"2418";241,9;1,000811
"2419";242;1,00081
"2420";242,1;1,00081
"2421";242,2;1,00081
"2422";242,3;1,00081
"2423";242,4;1,00081
"2424";242,5;1,00081
"2425";242,6;1,00081
"2426";242,7;1,00081
"2427";242,8;1,00081
"2428";242,9;1,00081
"2429";243;1,000809
"2430";243,1;1,000809
"2431";243,2;1,000809
"2432";243,3;1,000809
"2433";243,4;1,000809
"2434";243,5;1,000808
"2435";243,6;1,000808
"2436";243,7;1,000808
"2437";243,8;1,000808
"2438";243,9;1,000807
"2439";244;1,000807
"2440";244,1;1,000807
"2441";244,2;1,000807
"2442";244,3;1,000806
"2443";244,4;1,000806
"2444";244,5;1,000806
"2445";244,6;1,000805
"2446";244,7;1,000805
"2447";244,8;1,000805
"2448";244,9;1,000805
"2449";245;1,000804
"2450";245,1;1,000804
"2451";245,2;1,000804
"2452";245,3;1,000803
"2453";245,4;1,000803
"2454";245,5;1,000803
"2455";245,6;1,000802
"2456";245,7;1,000802
"2457";245,8;1,000801
"2458";245,9;1,000801
"2459";246;1,000801
"2460";246,1;1,0008
"2461";246,2;1,0008
"2462";246,3;1,0008
"2463";246,4;1,000799
"2464";246,5;1,000799
"2465";246,6;1,000798
"2466";246,7;1,000798
"2467";246,8;1,000798
"2468";246,9;1,000797
"2469";247;1,000797
"2470";247,1;1,000796
"2471";247,2;1,000796
"2472";247,3;1,000796
"2473";247,4;1,000795
"2474";247,5;1,000795
"2475";247,6;1,000794
"2476";247,7;1,000794
"2477";247,8;1,000794
"2478";247,9;1,000793
"2479";248;1,000793
"2480";248,1;1,000792
"2481";248,2;1,000792
"2482";248,3;1,000792
"2483";248,4;1,000791
"2484";248,5;1,000791
"2485";248,6;1,00079
"2486";248,7;1,00079
"2487";248,8;1,000789
"2488";248,9;1,000789
"2489";249;1,000789
"2490";249,1;1,000788
"2491";249,2;1,000788
"2492";249,3;1,000787
"2493";249,4;1,000787
"2494";249,5;1,000786
"2495";249,6;1,000786
"2496";249,7;1,000785
"2497";249,8;1,000785
"2498";249,9;1,000785
"2499";250;1,000784
"2500";250,1;1,000784
"2501";250,2;1,000783
"2502";250,3;1,000783
"2503";250,4;1,000782
"2504";250,5;1,000782
"2505";250,6;1,000781
"2506";250,7;1,000781
"2507";250,8;1,000781
"2508";250,9;1,00078
"2509";251;1,00078
"2510";251,1;1,000779
"2511";251,2;1,000779
"2512";251,3;1,000778
"2513";251,4;1,000778
"2514";251,5;1,000777
"2515";251,6;1,000777
"2516";251,7;1,000776
"2517";251,8;1,000776
"2518";251,9;1,000776
"2519";252;1,000775
"2520";252,1;1,000775
"2521";252,2;1,000774
"2522";252,3;1,000774
"2523";252,4;1,000773
"2524";252,5;1,000773
"2525";252,6;1,000772
"2526";252,7;1,000772
"2527";252,8;1,000771
"2528";252,9;1,000771
"2529";253;1,000771
"2530";253,1;1,00077
"2531";253,2;1,00077
"2532";253,3;1,000769
"2533";253,4;1,000769
"2534";253,5;1,000768
"2535";253,6;1,000768
"2536";253,7;1,000767
"2537";253,8;1,000767
"2538";253,9;1,000766
"2539";254;1,000766
"2540";254,1;1,000765
"2541";254,2;1,000765
"2542";254,3;1,000764
"2543";254,4;1,000764
"2544";254,5;1,000764
"2545";254,6;1,000763
"2546";254,7;1,000763
"2547";254,8;1,000762
"2548";254,9;1,000762
"2549";255;1,000761
"2550";255,1;1,000761
"2551";255,2;1,00076
"2552";255,3;1,00076
"2553";255,4;1,000759
"2554";255,5;1,000759
"2555";255,6;1,000758
"2556";255,7;1,000758
"2557";255,8;1,000757
"2558";255,9;1,000757
"2559";256;1,000756
"2560";256,1;1,000756
"2561";256,2;1,000755
"2562";256,3;1,000755
"2563";256,4;1,000755
"2564";256,5;1,000754
"2565";256,6;1,000754
"2566";256,7;1,000753
"2567";256,8;1,000753
"2568";256,9;1,000752
"2569";257;1,000752
"2570";257,1;1,000751
"2571";257,2;1,000751
"2572";257,3;1,00075
"2573";257,4;1,00075
"2574";257,5;1,000749
"2575";257,6;1,000749
"2576";257,7;1,000748
"2577";257,8;1,000748
"2578";257,9;1,000747
"2579";258;1,000747
"2580";258,1;1,000746
"2581";258,2;1,000746
"2582";258,3;1,000745
"2583";258,4;1,000745
"2584";258,5;1,000744
"2585";258,6;1,000744
"2586";258,7;1,000743
"2587";258,8;1,000743
"2588";258,9;1,000742
"2589";259;1,000742
"2590";259,1;1,000741
"2591";259,2;1,000741
"2592";259,3;1,00074
"2593";259,4;1,00074
"2594";259,5;1,000739
"2595";259,6;1,000739
"2596";259,7;1,000739
"2597";259,8;1,000738
"2598";259,9;1,000738
"2599";260;1,000737
"2600";260,1;1,000737
"2601";260,2;1,000736
"2602";260,3;1,000736
"2603";260,4;1,000735
"2604";260,5;1,000735
"2605";260,6;1,000734
"2606";260,7;1,000734
"2607";260,8;1,000733
"2608";260,9;1,000733
"2609";261;1,000732
"2610";261,1;1,000732
"2611";261,2;1,000731
"2612";261,3;1,000731
"2613";261,4;1,00073
"2614";261,5;1,00073
"2615";261,6;1,000729
"2616";261,7;1,000729
"2617";261,8;1,000728
"2618";261,9;1,000728
"2619";262;1,000727
"2620";262,1;1,000727
"2621";262,2;1,000726
"2622";262,3;1,000726
"2623";262,4;1,000725
"2624";262,5;1,000725
"2625";262,6;1,000724
"2626";262,7;1,000724
"2627";262,8;1,000723
"2628";262,9;1,000723
"2629";263;1,000722
"2630";263,1;1,000722
"2631";263,2;1,000721
"2632";263,3;1,000721
"2633";263,4;1,00072
"2634";263,5;1,00072
"2635";263,6;1,000719
"2636";263,7;1,000719
"2637";263,8;1,000718
"2638";263,9;1,000718
"2639";264;1,000717
"2640";264,1;1,000717
"2641";264,2;1,000716
"2642";264,3;1,000716
"2643";264,4;1,000715
"2644";264,5;1,000715
"2645";264,6;1,000714
"2646";264,7;1,000714
"2647";264,8;1,000713
"2648";264,9;1,000713
"2649";265;1,000712
"2650";265,1;1,000711
"2651";265,2;1,000711
"2652";265,3;1,00071
"2653";265,4;1,00071
"2654";265,5;1,000709
"2655";265,6;1,000709
"2656";265,7;1,000708
"2657";265,8;1,000708
"2658";265,9;1,000707
"2659";266;1,000707
"2660";266,1;1,000706
"2661";266,2;1,000706
"2662";266,3;1,000705
"2663";266,4;1,000705
"2664";266,5;1,000704
"2665";266,6;1,000704
"2666";266,7;1,000703
"2667";266,8;1,000703
"2668";266,9;1,000702
"2669";267;1,000702
"2670";267,1;1,000701
"2671";267,2;1,000701
"2672";267,3;1,0007
"2673";267,4;1,0007
"2674";267,5;1,000699
"2675";267,6;1,000699
"2676";267,7;1,000698
"2677";267,8;1,000698
"2678";267,9;1,000697
"2679";268;1,000697
"2680";268,1;1,000696
"2681";268,2;1,000696
"2682";268,3;1,000695
"2683";268,4;1,000694
"2684";268,5;1,000694
"2685";268,6;1,000693
"2686";268,7;1,000693
"2687";268,8;1,000692
"2688";268,9;1,000692
"2689";269;1,000691
"2690";269,1;1,000691
"2691";269,2;1,00069
"2692";269,3;1,00069
"2693";269,4;1,000689
"2694";269,5;1,000689
"2695";269,6;1,000688
"2696";269,7;1,000688
"2697";269,8;1,000687
"2698";269,9;1,000687
"2699";270;1,000686
"2700";270,1;1,000686
"2701";270,2;1,000685
"2702";270,3;1,000684
"2703";270,4;1,000684
"2704";270,5;1,000683
"2705";270,6;1,000683
"2706";270,7;1,000682
"2707";270,8;1,000682
"2708";270,9;1,000681
"2709";271;1,000681
"2710";271,1;1,00068
"2711";271,2;1,00068
"2712";271,3;1,000679
"2713";271,4;1,000679
"2714";271,5;1,000678
"2715";271,6;1,000678
"2716";271,7;1,000677
"2717";271,8;1,000677
"2718";271,9;1,000676
"2719";272;1,000675
"2720";272,1;1,000675
"2721";272,2;1,000674
"2722";272,3;1,000674
"2723";272,4;1,000673
"2724";272,5;1,000673
"2725";272,6;1,000672
"2726";272,7;1,000672
"2727";272,8;1,000671
"2728";272,9;1,000671
"2729";273;1,00067
"2730";273,1;1,00067
"2731";273,2;1,000669
"2732";273,3;1,000668
"2733";273,4;1,000668
"2734";273,5;1,000667
"2735";273,6;1,000667
"2736";273,7;1,000666
"2737";273,8;1,000666
"2738";273,9;1,000665
"2739";274;1,000665
"2740";274,1;1,000664
"2741";274,2;1,000664
"2742";274,3;1,000663
"2743";274,4;1,000663
"2744";274,5;1,000662
"2745";274,6;1,000661
"2746";274,7;1,000661
"2747";274,8;1,00066
"2748";274,9;1,00066
"2749";275;1,000659
"2750";275,1;1,000659
"2751";275,2;1,000658
"2752";275,3;1,000658
"2753";275,4;1,000657
"2754";275,5;1,000657
"2755";275,6;1,000656
"2756";275,7;1,000655
"2757";275,8;1,000655
"2758";275,9;1,000654
"2759";276;1,000654
"2760";276,1;1,000653
"2761";276,2;1,000653
"2762";276,3;1,000652
"2763";276,4;1,000652
"2764";276,5;1,000651
"2765";276,6;1,00065
"2766";276,7;1,00065
"2767";276,8;1,000649
"2768";276,9;1,000649
"2769";277;1,000648
"2770";277,1;1,000648
"2771";277,2;1,000647
"2772";277,3;1,000647
"2773";277,4;1,000646
"2774";277,5;1,000646
"2775";277,6;1,000645
"2776";277,7;1,000644
"2777";277,8;1,000644
"2778";277,9;1,000643
"2779";278;1,000643
"2780";278,1;1,000642
"2781";278,2;1,000642
"2782";278,3;1,000641
"2783";278,4;1,000641
"2784";278,5;1,00064
"2785";278,6;1,000639
"2786";278,7;1,000639
"2787";278,8;1,000638
"2788";278,9;1,000638
"2789";279;1,000637
"2790";279,1;1,000637
"2791";279,2;1,000636
"2792";279,3;1,000635
"2793";279,4;1,000635
"2794";279,5;1,000634
"2795";279,6;1,000634
"2796";279,7;1,000633
"2797";279,8;1,000633
"2798";279,9;1,000632
"2799";280;1,000632
"2800";280,1;1,000631
"2801";280,2;1,00063
"2802";280,3;1,00063
"2803";280,4;1,000629
"2804";280,5;1,000629
"2805";280,6;1,000628
"2806";280,7;1,000628
"2807";280,8;1,000627
"2808";280,9;1,000626
"2809";281;1,000626
"2810";281,1;1,000625
"2811";281,2;1,000625
"2812";281,3;1,000624
"2813";281,4;1,000624
"2814";281,5;1,000623
"2815";281,6;1,000623
"2816";281,7;1,000622
"2817";281,8;1,000621
"2818";281,9;1,000621
"2819";282;1,00062
"2820";282,1;1,00062
"2821";282,2;1,000619
"2822";282,3;1,000619
"2823";282,4;1,000618
"2824";282,5;1,000617
"2825";282,6;1,000617
"2826";282,7;1,000616
"2827";282,8;1,000616
"2828";282,9;1,000615
"2829";283;1,000615
"2830";283,1;1,000614
"2831";283,2;1,000613
"2832";283,3;1,000613
"2833";283,4;1,000612
"2834";283,5;1,000612
"2835";283,6;1,000611
"2836";283,7;1,00061
"2837";283,8;1,00061
"2838";283,9;1,000609
"2839";284;1,000609
"2840";284,1;1,000608
"2841";284,2;1,000608
"2842";284,3;1,000607
"2843";284,4;1,000606
"2844";284,5;1,000606
"2845";284,6;1,000605
"2846";284,7;1,000605
"2847";284,8;1,000604
"2848";284,9;1,000604
"2849";285;1,000603
"2850";285,1;1,000602
"2851";285,2;1,000602
"2852";285,3;1,000601
"2853";285,4;1,000601
"2854";285,5;1,0006
"2855";285,6;1,000599
"2856";285,7;1,000599
"2857";285,8;1,000598
"2858";285,9;1,000598
"2859";286;1,000597
"2860";286,1;1,000597
"2861";286,2;1,000596
"2862";286,3;1,000595
"2863";286,4;1,000595
"2864";286,5;1,000594
"2865";286,6;1,000594
"2866";286,7;1,000593
"2867";286,8;1,000592
"2868";286,9;1,000592
"2869";287;1,000591
"2870";287,1;1,000591
"2871";287,2;1,00059
"2872";287,3;1,00059
"2873";287,4;1,000589
"2874";287,5;1,000588
"2875";287,6;1,000588
"2876";287,7;1,000587
"2877";287,8;1,000587
"2878";287,9;1,000586
"2879";288;1,000585
"2880";288,1;1,000585
"2881";288,2;1,000584
"2882";288,3;1,000584
"2883";288,4;1,000583
"2884";288,5;1,000582
"2885";288,6;1,000582
"2886";288,7;1,000581
"2887";288,8;1,000581
"2888";288,9;1,00058
"2889";289;1,00058
"2890";289,1;1,000579
"2891";289,2;1,000578
"2892";289,3;1,000578
"2893";289,4;1,000577
"2894";289,5;1,000577
"2895";289,6;1,000576
"2896";289,7;1,000575
"2897";289,8;1,000575
"2898";289,9;1,000574
"2899";290;1,000574
"2900";290,1;1,000573
"2901";290,2;1,000572
"2902";290,3;1,000572
"2903";290,4;1,000571
"2904";290,5;1,000571
"2905";290,6;1,00057
"2906";290,7;1,000569
"2907";290,8;1,000569
"2908";290,9;1,000568
"2909";291;1,000568
"2910";291,1;1,000567
"2911";291,2;1,000566
"2912";291,3;1,000566
"2913";291,4;1,000565
"2914";291,5;1,000565
"2915";291,6;1,000564
"2916";291,7;1,000563
"2917";291,8;1,000563
"2918";291,9;1,000562
"2919";292;1,000562
"2920";292,1;1,000561
"2921";292,2;1,00056
"2922";292,3;1,00056
"2923";292,4;1,000559
"2924";292,5;1,000559
"2925";292,6;1,000558
"2926";292,7;1,000557
"2927";292,8;1,000557
"2928";292,9;1,000556
"2929";293;1,000556
"2930";293,1;1,000555
"2931";293,2;1,000554
"2932";293,3;1,000554
"2933";293,4;1,000553
"2934";293,5;1,000552
"2935";293,6;1,000552
"2936";293,7;1,000551
"2937";293,8;1,000551
"2938";293,9;1,00055
"2939";294;1,000549
"2940";294,1;1,000549
"2941";294,2;1,000548
"2942";294,3;1,000548
"2943";294,4;1,000547
"2944";294,5;1,000546
"2945";294,6;1,000546
"2946";294,7;1,000545
"2947";294,8;1,000545
"2948";294,9;1,000544
"2949";295;1,000543
"2950";295,1;1,000543
"2951";295,2;1,000542
"2952";295,3;1,000541
"2953";295,4;1,000541
"2954";295,5;1,00054
"2955";295,6;1,00054
"2956";295,7;1,000539
"2957";295,8;1,000538
"2958";295,9;1,000538
"2959";296;1,000537
"2960";296,1;1,000537
"2961";296,2;1,000536
"2962";296,3;1,000535
"2963";296,4;1,000535
"2964";296,5;1,000534
"2965";296,6;1,000533
"2966";296,7;1,000533
"2967";296,8;1,000532
"2968";296,9;1,000532
"2969";297;1,000531
"2970";297,1;1,00053
"2971";297,2;1,00053
"2972";297,3;1,000529
"2973";297,4;1,000529
"2974";297,5;1,000528
"2975";297,6;1,000527
"2976";297,7;1,000527
"2977";297,8;1,000526
"2978";297,9;1,000525
"2979";298;1,000525
"2980";298,1;1,000524
"2981";298,2;1,000524
"2982";298,3;1,000523
"2983";298,4;1,000522
"2984";298,5;1,000522
"2985";298,6;1,000521
"2986";298,7;1,00052
"2987";298,8;1,00052
"2988";298,9;1,000519
"2989";299;1,000519
"2990";299,1;1,000518
"2991";299,2;1,000517
"2992";299,3;1,000517
"2993";299,4;1,000516
"2994";299,5;1,000515
"2995";299,6;1,000515
"2996";299,7;1,000514
"2997";299,8;1,000514
"2998";299,9;1,000513
"2999";300;1,000512
"3000";300,1;1,000512
"3001";300,2;1,000511
"3002";300,3;1,00051
"3003";300,4;1,00051
"3004";300,5;1,000509
"3005";300,6;1,000508
"3006";300,7;1,000508
"3007";300,8;1,000507
"3008";300,9;1,000507
"3009";301;1,000506
"3010";301,1;1,000505
"3011";301,2;1,000505
"3012";301,3;1,000504
"3013";301,4;1,000503
"3014";301,5;1,000503
"3015";301,6;1,000502
"3016";301,7;1,000502
"3017";301,8;1,000501
"3018";301,9;1,0005
"3019";302;1,0005
"3020";302,1;1,000499
"3021";302,2;1,000498
"3022";302,3;1,000498
"3023";302,4;1,000497
"3024";302,5;1,000496
"3025";302,6;1,000496
"3026";302,7;1,000495
"3027";302,8;1,000495
"3028";302,9;1,000494
"3029";303;1,000493
"3030";303,1;1,000493
"3031";303,2;1,000492
"3032";303,3;1,000491
"3033";303,4;1,000491
"3034";303,5;1,00049
"3035";303,6;1,000489
"3036";303,7;1,000489
"3037";303,8;1,000488
"3038";303,9;1,000488
"3039";304;1,000487
"3040";304,1;1,000486
"3041";304,2;1,000486
"3042";304,3;1,000485
"3043";304,4;1,000484
"3044";304,5;1,000484
"3045";304,6;1,000483
"3046";304,7;1,000482
"3047";304,8;1,000482
"3048";304,9;1,000481
"3049";305;1,00048
"3050";305,1;1,00048
"3051";305,2;1,000479
"3052";305,3;1,000478
"3053";305,4;1,000478
"3054";305,5;1,000477
"3055";305,6;1,000477
"3056";305,7;1,000476
"3057";305,8;1,000475
"3058";305,9;1,000475
"3059";306;1,000474
"3060";306,1;1,000473
"3061";306,2;1,000473
"3062";306,3;1,000472
"3063";306,4;1,000471
"3064";306,5;1,000471
"3065";306,6;1,00047
"3066";306,7;1,000469
"3067";306,8;1,000469
"3068";306,9;1,000468
"3069";307;1,000467
"3070";307,1;1,000467
"3071";307,2;1,000466
"3072";307,3;1,000466
"3073";307,4;1,000465
"3074";307,5;1,000464
"3075";307,6;1,000464
"3076";307,7;1,000463
"3077";307,8;1,000462
"3078";307,9;1,000462
"3079";308;1,000461
"3080";308,1;1,00046
"3081";308,2;1,00046
"3082";308,3;1,000459
"3083";308,4;1,000458
"3084";308,5;1,000458
"3085";308,6;1,000457
"3086";308,7;1,000456
"3087";308,8;1,000456
"3088";308,9;1,000455
"3089";309;1,000454
"3090";309,1;1,000454
"3091";309,2;1,000453
"3092";309,3;1,000452
"3093";309,4;1,000452
"3094";309,5;1,000451
"3095";309,6;1,00045
"3096";309,7;1,00045
"3097";309,8;1,000449
"3098";309,9;1,000449
"3099";310;1,000448
"3100";310,1;1,000447
"3101";310,2;1,000447
"3102";310,3;1,000446
"3103";310,4;1,000445
"3104";310,5;1,000445
"3105";310,6;1,000444
"3106";310,7;1,000443
"3107";310,8;1,000443
"3108";310,9;1,000442
"3109";311;1,000441
"3110";311,1;1,000441
"3111";311,2;1,00044
"3112";311,3;1,000439
"3113";311,4;1,000439
"3114";311,5;1,000438
"3115";311,6;1,000437
"3116";311,7;1,000437
"3117";311,8;1,000436
"3118";311,9;1,000435
"3119";312;1,000435
"3120";312,1;1,000434
"3121";312,2;1,000433
"3122";312,3;1,000433
"3123";312,4;1,000432
"3124";312,5;1,000431
"3125";312,6;1,000431
"3126";312,7;1,00043
"3127";312,8;1,000429
"3128";312,9;1,000429
"3129";313;1,000428
"3130";313,1;1,000427
"3131";313,2;1,000427
"3132";313,3;1,000426
"3133";313,4;1,000425
"3134";313,5;1,000425
"3135";313,6;1,000424
"3136";313,7;1,000423
"3137";313,8;1,000423
"3138";313,9;1,000422
"3139";314;1,000421
"3140";314,1;1,000421
"3141";314,2;1,00042
"3142";314,3;1,000419
"3143";314,4;1,000419
"3144";314,5;1,000418
"3145";314,6;1,000417
"3146";314,7;1,000417
"3147";314,8;1,000416
"3148";314,9;1,000415
"3149";315;1,000415
"3150";315,1;1,000414
"3151";315,2;1,000413
"3152";315,3;1,000413
"3153";315,4;1,000412
"3154";315,5;1,000411
"3155";315,6;1,000411
"3156";315,7;1,00041
"3157";315,8;1,000409
"3158";315,9;1,000409
"3159";316;1,000408
"3160";316,1;1,000407
"3161";316,2;1,000406
"3162";316,3;1,000406
"3163";316,4;1,000405
"3164";316,5;1,000404
"3165";316,6;1,000404
"3166";316,7;1,000403
"3167";316,8;1,000402
"3168";316,9;1,000402
"3169";317;1,000401
"3170";317,1;1,0004
"3171";317,2;1,0004
"3172";317,3;1,000399
"3173";317,4;1,000398
"3174";317,5;1,000398
"3175";317,6;1,000397
"3176";317,7;1,000396
"3177";317,8;1,000396
"3178";317,9;1,000395
"3179";318;1,000394
"3180";318,1;1,000394
"3181";318,2;1,000393
"3182";318,3;1,000392
"3183";318,4;1,000392
"3184";318,5;1,000391
"3185";318,6;1,00039
"3186";318,7;1,00039
"3187";318,8;1,000389
"3188";318,9;1,000388
"3189";319;1,000387
"3190";319,1;1,000387
"3191";319,2;1,000386
"3192";319,3;1,000385
"3193";319,4;1,000385
"3194";319,5;1,000384
"3195";319,6;1,000383
"3196";319,7;1,000383
"3197";319,8;1,000382
"3198";319,9;1,000381
"3199";320;1,000381
"3200";320,1;1,00038
"3201";320,2;1,000379
"3202";320,3;1,000379
"3203";320,4;1,000378
"3204";320,5;1,000377
"3205";320,6;1,000376
"3206";320,7;1,000376
"3207";320,8;1,000375
"3208";320,9;1,000374
"3209";321;1,000374
"3210";321,1;1,000373
"3211";321,2;1,000372
"3212";321,3;1,000372
"3213";321,4;1,000371
"3214";321,5;1,00037
"3215";321,6;1,00037
"3216";321,7;1,000369
"3217";321,8;1,000368
"3218";321,9;1,000368
"3219";322;1,000367
"3220";322,1;1,000366
"3221";322,2;1,000365
"3222";322,3;1,000365
"3223";322,4;1,000364
"3224";322,5;1,000363
"3225";322,6;1,000363
"3226";322,7;1,000362
"3227";322,8;1,000361
"3228";322,9;1,000361
"3229";323;1,00036
"3230";323,1;1,000359
"3231";323,2;1,000359
"3232";323,3;1,000358
"3233";323,4;1,000357
"3234";323,5;1,000356
"3235";323,6;1,000356
"3236";323,7;1,000355
"3237";323,8;1,000354
"3238";323,9;1,000354
"3239";324;1,000353
"3240";324,1;1,000352
"3241";324,2;1,000352
"3242";324,3;1,000351
"3243";324,4;1,00035
"3244";324,5;1,00035
"3245";324,6;1,000349
"3246";324,7;1,000348
"3247";324,8;1,000347
"3248";324,9;1,000347
"3249";325;1,000346
"3250";325,1;1,000345
"3251";325,2;1,000345
"3252";325,3;1,000344
"3253";325,4;1,000343
"3254";325,5;1,000343
"3255";325,6;1,000342
"3256";325,7;1,000341
"3257";325,8;1,00034
"3258";325,9;1,00034
"3259";326;1,000339
"3260";326,1;1,000338
"3261";326,2;1,000338
"3262";326,3;1,000337
"3263";326,4;1,000336
"3264";326,5;1,000336
"3265";326,6;1,000335
"3266";326,7;1,000334
"3267";326,8;1,000333
"3268";326,9;1,000333
"3269";327;1,000332
"3270";327,1;1,000331
"3271";327,2;1,000331
"3272";327,3;1,00033
"3273";327,4;1,000329
"3274";327,5;1,000329
"3275";327,6;1,000328
"3276";327,7;1,000327
"3277";327,8;1,000326
"3278";327,9;1,000326
"3279";328;1,000325
"3280";328,1;1,000324
"3281";328,2;1,000324
"3282";328,3;1,000323
"3283";328,4;1,000322
"3284";328,5;1,000321
"3285";328,6;1,000321
"3286";328,7;1,00032
"3287";328,8;1,000319
"3288";328,9;1,000319
"3289";329;1,000318
"3290";329,1;1,000317
"3291";329,2;1,000317
"3292";329,3;1,000316
"3293";329,4;1,000315
"3294";329,5;1,000314
"3295";329,6;1,000314
"3296";329,7;1,000313
"3297";329,8;1,000312
"3298";329,9;1,000312
"3299";330;1,000311
"3300";330,1;1,00031
"3301";330,2;1,000309
"3302";330,3;1,000309
"3303";330,4;1,000308
"3304";330,5;1,000307
"3305";330,6;1,000307
"3306";330,7;1,000306
"3307";330,8;1,000305
"3308";330,9;1,000305
"3309";331;1,000304
"3310";331,1;1,000303
"3311";331,2;1,000302
"3312";331,3;1,000302
"3313";331,4;1,000301
"3314";331,5;1,0003
"3315";331,6;1,0003
"3316";331,7;1,000299
"3317";331,8;1,000298
"3318";331,9;1,000297
"3319";332;1,000297
"3320";332,1;1,000296
"3321";332,2;1,000295
"3322";332,3;1,000295
"3323";332,4;1,000294
"3324";332,5;1,000293
"3325";332,6;1,000292
"3326";332,7;1,000292
"3327";332,8;1,000291
"3328";332,9;1,00029
"3329";333;1,00029
"3330";333,1;1,000289
"3331";333,2;1,000288
"3332";333,3;1,000287
"3333";333,4;1,000287
"3334";333,5;1,000286
"3335";333,6;1,000285
"3336";333,7;1,000285
"3337";333,8;1,000284
"3338";333,9;1,000283
"3339";334;1,000282
"3340";334,1;1,000282
"3341";334,2;1,000281
"3342";334,3;1,00028
"3343";334,4;1,00028
"3344";334,5;1,000279
"3345";334,6;1,000278
"3346";334,7;1,000277
"3347";334,8;1,000277
"3348";334,9;1,000276
"3349";335;1,000275
"3350";335,1;1,000275
"3351";335,2;1,000274
"3352";335,3;1,000273
"3353";335,4;1,000272
"3354";335,5;1,000272
"3355";335,6;1,000271
"3356";335,7;1,00027
"3357";335,8;1,000269
"3358";335,9;1,000269
"3359";336;1,000268
"3360";336,1;1,000267
"3361";336,2;1,000267
"3362";336,3;1,000266
"3363";336,4;1,000265
"3364";336,5;1,000264
"3365";336,6;1,000264
"3366";336,7;1,000263
"3367";336,8;1,000262
"3368";336,9;1,000262
"3369";337;1,000261
"3370";337,1;1,00026
"3371";337,2;1,000259
"3372";337,3;1,000259
"3373";337,4;1,000258
"3374";337,5;1,000257
"3375";337,6;1,000256
"3376";337,7;1,000256
"3377";337,8;1,000255
"3378";337,9;1,000254
"3379";338;1,000254
"3380";338,1;1,000253
"3381";338,2;1,000252
"3382";338,3;1,000251
"3383";338,4;1,000251
"3384";338,5;1,00025
"3385";338,6;1,000249
"3386";338,7;1,000249
"3387";338,8;1,000248
"3388";338,9;1,000247
"3389";339;1,000246
"3390";339,1;1,000246
"3391";339,2;1,000245
"3392";339,3;1,000244
"3393";339,4;1,000243
"3394";339,5;1,000243
"3395";339,6;1,000242
"3396";339,7;1,000241
"3397";339,8;1,000241
"3398";339,9;1,00024
"3399";340;1,000239
"3400";340,1;1,000238
"3401";340,2;1,000238
"3402";340,3;1,000237
"3403";340,4;1,000236
"3404";340,5;1,000235
"3405";340,6;1,000235
"3406";340,7;1,000234
"3407";340,8;1,000233
"3408";340,9;1,000233
"3409";341;1,000232
"3410";341,1;1,000231
"3411";341,2;1,00023
"3412";341,3;1,00023
"3413";341,4;1,000229
"3414";341,5;1,000228
"3415";341,6;1,000227
"3416";341,7;1,000227
"3417";341,8;1,000226
"3418";341,9;1,000225
"3419";342;1,000225
"3420";342,1;1,000224
"3421";342,2;1,000223
"3422";342,3;1,000222
"3423";342,4;1,000222
"3424";342,5;1,000221
"3425";342,6;1,00022
"3426";342,7;1,000219
"3427";342,8;1,000219
"3428";342,9;1,000218
"3429";343;1,000217
"3430";343,1;1,000217
"3431";343,2;1,000216
"3432";343,3;1,000215
"3433";343,4;1,000214
"3434";343,5;1,000214
"3435";343,6;1,000213
"3436";343,7;1,000212
"3437";343,8;1,000211
"3438";343,9;1,000211
"3439";344;1,00021
"3440";344,1;1,000209
"3441";344,2;1,000208
"3442";344,3;1,000208
"3443";344,4;1,000207
"3444";344,5;1,000206
"3445";344,6;1,000206
"3446";344,7;1,000205
"3447";344,8;1,000204
"3448";344,9;1,000203
"3449";345;1,000203
"3450";345,1;1,000202
"3451";345,2;1,000201
"3452";345,3;1,0002
"3453";345,4;1,0002
"3454";345,5;1,000199
"3455";345,6;1,000198
"3456";345,7;1,000197
"3457";345,8;1,000197
"3458";345,9;1,000196
"3459";346;1,000195
"3460";346,1;1,000194
"3461";346,2;1,000194
"3462";346,3;1,000193
"3463";346,4;1,000192
"3464";346,5;1,000192
"3465";346,6;1,000191
"3466";346,7;1,00019
"3467";346,8;1,000189
"3468";346,9;1,000189
"3469";347;1,000188
"3470";347,1;1,000187
"3471";347,2;1,000186
"3472";347,3;1,000186
"3473";347,4;1,000185
"3474";347,5;1,000184
"3475";347,6;1,000183
"3476";347,7;1,000183
"3477";347,8;1,000182
"3478";347,9;1,000181
"3479";348;1,000181
"3480";348,1;1,00018
"3481";348,2;1,000179
"3482";348,3;1,000178
"3483";348,4;1,000178
"3484";348,5;1,000177
"3485";348,6;1,000176
"3486";348,7;1,000175
"3487";348,8;1,000175
"3488";348,9;1,000174
"3489";349;1,000173
"3490";349,1;1,000172
"3491";349,2;1,000172
"3492";349,3;1,000171
"3493";349,4;1,00017
"3494";349,5;1,000169
"3495";349,6;1,000169
"3496";349,7;1,000168
"3497";349,8;1,000167
"3498";349,9;1,000166
"3499";350;1,000166
"3500";350,1;1,000165
"3501";350,2;1,000164
"3502";350,3;1,000164
"3503";350,4;1,000163
"3504";350,5;1,000162
"3505";350,6;1,000161
"3506";350,7;1,000161
"3507";350,8;1,00016
"3508";350,9;1,000159
"3509";351;1,000158
"3510";351,1;1,000158
"3511";351,2;1,000157
"3512";351,3;1,000156
"3513";351,4;1,000155
"3514";351,5;1,000155
"3515";351,6;1,000154
"3516";351,7;1,000153
"3517";351,8;1,000152
"3518";351,9;1,000152
"3519";352;1,000151
"3520";352,1;1,00015
"3521";352,2;1,000149
"3522";352,3;1,000149
"3523";352,4;1,000148
"3524";352,5;1,000147
"3525";352,6;1,000146
"3526";352,7;1,000146
"3527";352,8;1,000145
"3528";352,9;1,000144
"3529";353;1,000143
"3530";353,1;1,000143
"3531";353,2;1,000142
"3532";353,3;1,000141
"3533";353,4;1,00014
"3534";353,5;1,00014
"3535";353,6;1,000139
"3536";353,7;1,000138
"3537";353,8;1,000138
"3538";353,9;1,000137
"3539";354;1,000136
"3540";354,1;1,000135
"3541";354,2;1,000135
"3542";354,3;1,000134
"3543";354,4;1,000133
"3544";354,5;1,000132
"3545";354,6;1,000132
"3546";354,7;1,000131
"3547";354,8;1,00013
"3548";354,9;1,000129
"3549";355;1,000129
"3550";355,1;1,000128
"3551";355,2;1,000127
"3552";355,3;1,000126
"3553";355,4;1,000126
"3554";355,5;1,000125
"3555";355,6;1,000124
"3556";355,7;1,000123
"3557";355,8;1,000123
"3558";355,9;1,000122
"3559";356;1,000121
"3560";356,1;1,00012
"3561";356,2;1,00012
"3562";356,3;1,000119
"3563";356,4;1,000118
"3564";356,5;1,000117
"3565";356,6;1,000117
"3566";356,7;1,000116
"3567";356,8;1,000115
"3568";356,9;1,000114
"3569";357;1,000114
"3570";357,1;1,000113
"3571";357,2;1,000112
"3572";357,3;1,000111
"3573";357,4;1,000111
"3574";357,5;1,00011
"3575";357,6;1,000109
"3576";357,7;1,000108
"3577";357,8;1,000108
"3578";357,9;1,000107
"3579";358;1,000106
"3580";358,1;1,000105
"3581";358,2;1,000105
"3582";358,3;1,000104
"3583";358,4;1,000103
"3584";358,5;1,000102
"3585";358,6;1,000102
"3586";358,7;1,000101
"3587";358,8;1,0001
"3588";358,9;1,000099
"3589";359;1,000099
"3590";359,1;1,000098
"3591";359,2;1,000097
"3592";359,3;1,000096
"3593";359,4;1,000096
"3594";359,5;1,000095
"3595";359,6;1,000094
"3596";359,7;1,000094
"3597";359,8;1,000093
"3598";359,9;1,000092
"3599";360;1,000091
"3600";360,1;1,000091
"3601";360,2;1,00009
"3602";360,3;1,000089
"3603";360,4;1,000088
"3604";360,5;1,000088
"3605";360,6;1,000087
"3606";360,7;1,000086
"3607";360,8;1,000085
"3608";360,9;1,000085
"3609";361;1,000084
"3610";361,1;1,000083
"3611";361,2;1,000082
"3612";361,3;1,000082
"3613";361,4;1,000081
"3614";361,5;1,00008
"3615";361,6;1,000079
"3616";361,7;1,000079
"3617";361,8;1,000078
"3618";361,9;1,000077
"3619";362;1,000076
"3620";362,1;1,000076
"3621";362,2;1,000075
"3622";362,3;1,000074
"3623";362,4;1,000073
"3624";362,5;1,000073
"3625";362,6;1,000072
"3626";362,7;1,000071
"3627";362,8;1,00007
"3628";362,9;1,00007
"3629";363;1,000069
"3630";363,1;1,000068
"3631";363,2;1,000067
"3632";363,3;1,000067
"3633";363,4;1,000066
"3634";363,5;1,000065
"3635";363,6;1,000064
"3636";363,7;1,000064
"3637";363,8;1,000063
"3638";363,9;1,000062
"3639";364;1,000061
"3640";364,1;1,000061
"3641";364,2;1,00006
"3642";364,3;1,000059
"3643";364,4;1,000058
"3644";364,5;1,000058
"3645";364,6;1,000057
"3646";364,7;1,000056
"3647";364,8;1,000055
"3648";364,9;1,000055
"3649";365;1,000054
"3650";365,1;1,000053
"3651";365,2;1,000052
"3652";365,3;1,000052
"3653";365,4;1,000051
"3654";365,5;1,00005
"3655";365,6;1,000049
"3656";365,7;1,000049
"3657";365,8;1,000048
"3658";365,9;1,000047
"3659";366;1,000046
"3660";366,1;1,000046
"3661";366,2;1,000045
"3662";366,3;1,000044
"3663";366,4;1,000043
"3664";366,5;1,000043
"3665";366,6;1,000042
"3666";366,7;1,000041
"3667";366,8;1,00004
"3668";366,9;1,00004
"3669";367;1,000039
"3670";367,1;1,000038
"3671";367,2;1,000037
"3672";367,3;1,000037
"3673";367,4;1,000036
"3674";367,5;1,000035
"3675";367,6;1,000034
"3676";367,7;1,000034
"3677";367,8;1,000033
"3678";367,9;1,000032
"3679";368;1,000031
"3680";368,1;1,000031
"3681";368,2;1,00003
"3682";368,3;1,000029
"3683";368,4;1,000028
"3684";368,5;1,000028
"3685";368,6;1,000027
"3686";368,7;1,000026
"3687";368,8;1,000025
"3688";368,9;1,000025
"3689";369;1,000024
"3690";369,1;1,000023
"3691";369,2;1,000022
"3692";369,3;1,000022
"3693";369,4;1,000021
"3694";369,5;1,00002
"3695";369,6;1,000019
"3696";369,7;1,000019
"3697";369,8;1,000018
"3698";369,9;1,000017
"3699";370;1,000016
"3700";370,1;1,000015
"3701";370,2;1,000015
"3702";370,3;1,000014
"3703";370,4;1,000013
"3704";370,5;1,000012
"3705";370,6;1,000012
"3706";370,7;1,000011
"3707";370,8;1,00001
"3708";370,9;1,000009
"3709";371;1,000009
"3710";371,1;1,000008
"3711";371,2;1,000007
"3712";371,3;1,000006
"3713";371,4;1,000006
"3714";371,5;1,000005
"3715";371,6;1,000004
"3716";371,7;1,000003
"3717";371,8;1,000003
"3718";371,9;1,000002
"3719";372;1,000001
"3720";372,1;1
"3721";372,2;1
"3722";372,3;0,999999
"3723";372,4;0,999998
"3724";372,5;0,999997
"3725";372,6;0,999997
"3726";372,7;0,999996
"3727";372,8;0,999995
"3728";372,9;0,999994
"3729";373;0,999994
"3730";373,1;0,999993
"3731";373,2;0,999992
"3732";373,3;0,999991
"3733";373,4;0,999991
"3734";373,5;0,99999
"3735";373,6;0,999989
"3736";373,7;0,999988
"3737";373,8;0,999988
"3738";373,9;0,999987
"3739";374;0,999986
"3740";374,1;0,999985
"3741";374,2;0,999985
"3742";374,3;0,999984
"3743";374,4;0,999983
"3744";374,5;0,999982
"3745";374,6;0,999982
"3746";374,7;0,999981
"3747";374,8;0,99998
"3748";374,9;0,999979
"3749";375;0,999979
"3750";375,1;0,999978
"3751";375,2;0,999977
"3752";375,3;0,999976
"3753";375,4;0,999976
"3754";375,5;0,999975
"3755";375,6;0,999974
"3756";375,7;0,999973
"3757";375,8;0,999973
"3758";375,9;0,999972
"3759";376;0,999971
"3760";376,1;0,99997
"3761";376,2;0,99997
"3762";376,3;0,999969
"3763";376,4;0,999968
"3764";376,5;0,999967
"3765";376,6;0,999967
"3766";376,7;0,999966
"3767";376,8;0,999965
"3768";376,9;0,999964
"3769";377;0,999964
"3770";377,1;0,999963
"3771";377,2;0,999962
"3772";377,3;0,999961
"3773";377,4;0,999961
"3774";377,5;0,99996
"3775";377,6;0,999959
"3776";377,7;0,999958
"3777";377,8;0,999958
"3778";377,9;0,999957
"3779";378;0,999956
"3780";378,1;0,999955
"3781";378,2;0,999955
"3782";378,3;0,999954
"3783";378,4;0,999953
"3784";378,5;0,999952
"3785";378,6;0,999952
"3786";378,7;0,999951
"3787";378,8;0,99995
"3788";378,9;0,999949
"3789";379;0,999949
"3790";379,1;0,999948
"3791";379,2;0,999947
"3792";379,3;0,999947
"3793";379,4;0,999946
"3794";379,5;0,999945
"3795";379,6;0,999944
"3796";379,7;0,999944
"3797";379,8;0,999943
"3798";379,9;0,999942
"3799";380;0,999941
"3800";380,1;0,999941
"3801";380,2;0,99994
"3802";380,3;0,999939
"3803";380,4;0,999938
"3804";380,5;0,999938
"3805";380,6;0,999937
"3806";380,7;0,999936
"3807";380,8;0,999935
"3808";380,9;0,999935
"3809";381;0,999934
"3810";381,1;0,999933
"3811";381,2;0,999932
"3812";381,3;0,999932
"3813";381,4;0,999931
"3814";381,5;0,99993
"3815";381,6;0,999929
"3816";381,7;0,999929
"3817";381,8;0,999928
"3818";381,9;0,999927
"3819";382;0,999926
"3820";382,1;0,999926
"3821";382,2;0,999925
"3822";382,3;0,999924
"3823";382,4;0,999923
"3824";382,5;0,999923
"3825";382,6;0,999922
"3826";382,7;0,999921
"3827";382,8;0,99992
"3828";382,9;0,99992
"3829";383;0,999919
"3830";383,1;0,999918
"3831";383,2;0,999917
"3832";383,3;0,999917
"3833";383,4;0,999916
"3834";383,5;0,999915
"3835";383,6;0,999914
"3836";383,7;0,999914
"3837";383,8;0,999913
"3838";383,9;0,999912
"3839";384;0,999911
"3840";384,1;0,999911
"3841";384,2;0,99991
"3842";384,3;0,999909
"3843";384,4;0,999908
"3844";384,5;0,999908
"3845";384,6;0,999907
"3846";384,7;0,999906
"3847";384,8;0,999905
"3848";384,9;0,999905
"3849";385;0,999904
"3850";385,1;0,999903
"3851";385,2;0,999902
"3852";385,3;0,999902
"3853";385,4;0,999901
"3854";385,5;0,9999
"3855";385,6;0,999899
"3856";385,7;0,999899
"3857";385,8;0,999898
"3858";385,9;0,999897
"3859";386;0,999897
"3860";386,1;0,999896
"3861";386,2;0,999895
"3862";386,3;0,999894
"3863";386,4;0,999894
"3864";386,5;0,999893
"3865";386,6;0,999892
"3866";386,7;0,999891
"3867";386,8;0,999891
"3868";386,9;0,99989
"3869";387;0,999889
"3870";387,1;0,999888
"3871";387,2;0,999888
"3872";387,3;0,999887
"3873";387,4;0,999886
"3874";387,5;0,999885
"3875";387,6;0,999885
"3876";387,7;0,999884
"3877";387,8;0,999883
"3878";387,9;0,999882
"3879";388;0,999882
"3880";388,1;0,999881
"3881";388,2;0,99988
"3882";388,3;0,999879
"3883";388,4;0,999879
"3884";388,5;0,999878
"3885";388,6;0,999877
"3886";388,7;0,999876
"3887";388,8;0,999876
"3888";388,9;0,999875
"3889";389;0,999874
"3890";389,1;0,999874
"3891";389,2;0,999873
"3892";389,3;0,999872
"3893";389,4;0,999871
"3894";389,5;0,999871
"3895";389,6;0,99987
"3896";389,7;0,999869
"3897";389,8;0,999868
"3898";389,9;0,999868
"3899";390;0,999867
"3900";390,1;0,999866
"3901";390,2;0,999865
"3902";390,3;0,999865
"3903";390,4;0,999864
"3904";390,5;0,999863
"3905";390,6;0,999862
"3906";390,7;0,999862
"3907";390,8;0,999861
"3908";390,9;0,99986
"3909";391;0,999859
"3910";391,1;0,999859
"3911";391,2;0,999858
"3912";391,3;0,999857
"3913";391,4;0,999857
"3914";391,5;0,999856
"3915";391,6;0,999855
"3916";391,7;0,999854
"3917";391,8;0,999854
"3918";391,9;0,999853
"3919";392;0,999852
"3920";392,1;0,999851
"3921";392,2;0,999851
"3922";392,3;0,99985
"3923";392,4;0,999849
"3924";392,5;0,999848
"3925";392,6;0,999848
"3926";392,7;0,999847
"3927";392,8;0,999846
"3928";392,9;0,999845
"3929";393;0,999845
"3930";393,1;0,999844
"3931";393,2;0,999843
"3932";393,3;0,999843
"3933";393,4;0,999842
"3934";393,5;0,999841
"3935";393,6;0,99984
"3936";393,7;0,99984
"3937";393,8;0,999839
"3938";393,9;0,999838
"3939";394;0,999837
"3940";394,1;0,999837
"3941";394,2;0,999836
"3942";394,3;0,999835
"3943";394,4;0,999834
"3944";394,5;0,999834
"3945";394,6;0,999833
"3946";394,7;0,999832
"3947";394,8;0,999832
"3948";394,9;0,999831
"3949";395;0,99983
"3950";395,1;0,999829
"3951";395,2;0,999829
"3952";395,3;0,999828
"3953";395,4;0,999827
"3954";395,5;0,999826
"3955";395,6;0,999826
"3956";395,7;0,999825
"3957";395,8;0,999824
"3958";395,9;0,999823
"3959";396;0,999823
"3960";396,1;0,999822
"3961";396,2;0,999821
"3962";396,3;0,999821
"3963";396,4;0,99982
"3964";396,5;0,999819
"3965";396,6;0,999818
"3966";396,7;0,999818
"3967";396,8;0,999817
"3968";396,9;0,999816
"3969";397;0,999815
"3970";397,1;0,999815
"3971";397,2;0,999814
"3972";397,3;0,999813
"3973";397,4;0,999812
"3974";397,5;0,999812
"3975";397,6;0,999811
"3976";397,7;0,99981
"3977";397,8;0,99981
"3978";397,9;0,999809
"3979";398;0,999808
"3980";398,1;0,999807
"3981";398,2;0,999807
"3982";398,3;0,999806
"3983";398,4;0,999805
"3984";398,5;0,999804
"3985";398,6;0,999804
"3986";398,7;0,999803
"3987";398,8;0,999802
"3988";398,9;0,999802
"3989";399;0,999801
"3990";399,1;0,9998
"3991";399,2;0,999799
"3992";399,3;0,999799
"3993";399,4;0,999798
"3994";399,5;0,999797
"3995";399,6;0,999796
"3996";399,7;0,999796
"3997";399,8;0,999795
"3998";399,9;0,999794
"3999";400;0,999794
"4000";400,1;0,999793
"4001";400,2;0,999792
"4002";400,3;0,999791
"4003";400,4;0,999791
"4004";400,5;0,99979
"4005";400,6;0,999789
"4006";400,7;0,999789
"4007";400,8;0,999788
"4008";400,9;0,999787
"4009";401;0,999786
"4010";401,1;0,999786
"4011";401,2;0,999785
"4012";401,3;0,999784
"4013";401,4;0,999783
"4014";401,5;0,999783
"4015";401,6;0,999782
"4016";401,7;0,999781
"4017";401,8;0,999781
"4018";401,9;0,99978
"4019";402;0,999779
"4020";402,1;0,999778
"4021";402,2;0,999778
"4022";402,3;0,999777
"4023";402,4;0,999776
"4024";402,5;0,999775
"4025";402,6;0,999775
"4026";402,7;0,999774
"4027";402,8;0,999773
"4028";402,9;0,999773
"4029";403;0,999772
"4030";403,1;0,999771
"4031";403,2;0,99977
"4032";403,3;0,99977
"4033";403,4;0,999769
"4034";403,5;0,999768
"4035";403,6;0,999768
"4036";403,7;0,999767
"4037";403,8;0,999766
"4038";403,9;0,999765
"4039";404;0,999765
"4040";404,1;0,999764
"4041";404,2;0,999763
"4042";404,3;0,999763
"4043";404,4;0,999762
"4044";404,5;0,999761
"4045";404,6;0,99976
"4046";404,7;0,99976
"4047";404,8;0,999759
"4048";404,9;0,999758
"4049";405;0,999758
"4050";405,1;0,999757
"4051";405,2;0,999756
"4052";405,3;0,999755
"4053";405,4;0,999755
"4054";405,5;0,999754
"4055";405,6;0,999753
"4056";405,7;0,999753
"4057";405,8;0,999752
"4058";405,9;0,999751
"4059";406;0,99975
"4060";406,1;0,99975
"4061";406,2;0,999749
"4062";406,3;0,999748
"4063";406,4;0,999747
"4064";406,5;0,999747
"4065";406,6;0,999746
"4066";406,7;0,999745
"4067";406,8;0,999745
"4068";406,9;0,999744
"4069";407;0,999743
"4070";407,1;0,999743
"4071";407,2;0,999742
"4072";407,3;0,999741
"4073";407,4;0,99974
"4074";407,5;0,99974
"4075";407,6;0,999739
"4076";407,7;0,999738
"4077";407,8;0,999738
"4078";407,9;0,999737
"4079";408;0,999736
"4080";408,1;0,999735
"4081";408,2;0,999735
"4082";408,3;0,999734
"4083";408,4;0,999733
"4084";408,5;0,999733
"4085";408,6;0,999732
"4086";408,7;0,999731
"4087";408,8;0,99973
"4088";408,9;0,99973
"4089";409;0,999729
"4090";409,1;0,999728
"4091";409,2;0,999728
"4092";409,3;0,999727
"4093";409,4;0,999726
"4094";409,5;0,999725
"4095";409,6;0,999725
"4096";409,7;0,999724
"4097";409,8;0,999723
"4098";409,9;0,999723
"4099";410;0,999722
"4100";410,1;0,999721
"4101";410,2;0,999721
"4102";410,3;0,99972
"4103";410,4;0,999719
"4104";410,5;0,999718
"4105";410,6;0,999718
"4106";410,7;0,999717
"4107";410,8;0,999716
"4108";410,9;0,999716
"4109";411;0,999715
"4110";411,1;0,999714
"4111";411,2;0,999713
"4112";411,3;0,999713
"4113";411,4;0,999712
"4114";411,5;0,999711
"4115";411,6;0,999711
"4116";411,7;0,99971
"4117";411,8;0,999709
"4118";411,9;0,999709
"4119";412;0,999708
"4120";412,1;0,999707
"4121";412,2;0,999706
"4122";412,3;0,999706
"4123";412,4;0,999705
"4124";412,5;0,999704
"4125";412,6;0,999704
"4126";412,7;0,999703
"4127";412,8;0,999702
"4128";412,9;0,999702
"4129";413;0,999701
"4130";413,1;0,9997
"4131";413,2;0,999699
"4132";413,3;0,999699
"4133";413,4;0,999698
"4134";413,5;0,999697
"4135";413,6;0,999697
"4136";413,7;0,999696
"4137";413,8;0,999695
"4138";413,9;0,999695
"4139";414;0,999694
"4140";414,1;0,999693
"4141";414,2;0,999692
"4142";414,3;0,999692
"4143";414,4;0,999691
"4144";414,5;0,99969
"4145";414,6;0,99969
"4146";414,7;0,999689
"4147";414,8;0,999688
"4148";414,9;0,999688
"4149";415;0,999687
"4150";415,1;0,999686
"4151";415,2;0,999685
"4152";415,3;0,999685
"4153";415,4;0,999684
"4154";415,5;0,999683
"4155";415,6;0,999683
"4156";415,7;0,999682
"4157";415,8;0,999681
"4158";415,9;0,999681
"4159";416;0,99968
"4160";416,1;0,999679
"4161";416,2;0,999679
"4162";416,3;0,999678
"4163";416,4;0,999677
"4164";416,5;0,999676
"4165";416,6;0,999676
"4166";416,7;0,999675
"4167";416,8;0,999674
"4168";416,9;0,999674
"4169";417;0,999673
"4170";417,1;0,999672
"4171";417,2;0,999672
"4172";417,3;0,999671
"4173";417,4;0,99967
"4174";417,5;0,99967
"4175";417,6;0,999669
"4176";417,7;0,999668
"4177";417,8;0,999667
"4178";417,9;0,999667
"4179";418;0,999666
"4180";418,1;0,999665
"4181";418,2;0,999665
"4182";418,3;0,999664
"4183";418,4;0,999663
"4184";418,5;0,999663
"4185";418,6;0,999662
"4186";418,7;0,999661
"4187";418,8;0,999661
"4188";418,9;0,99966
"4189";419;0,999659
"4190";419,1;0,999659
"4191";419,2;0,999658
"4192";419,3;0,999657
"4193";419,4;0,999656
"4194";419,5;0,999656
"4195";419,6;0,999655
"4196";419,7;0,999654
"4197";419,8;0,999654
"4198";419,9;0,999653
"4199";420;0,999652
"4200";420,1;0,999652
"4201";420,2;0,999651
"4202";420,3;0,99965
"4203";420,4;0,99965
"4204";420,5;0,999649
"4205";420,6;0,999648
"4206";420,7;0,999648
"4207";420,8;0,999647
"4208";420,9;0,999646
"4209";421;0,999646
"4210";421,1;0,999645
"4211";421,2;0,999644
"4212";421,3;0,999643
"4213";421,4;0,999643
"4214";421,5;0,999642
"4215";421,6;0,999641
"4216";421,7;0,999641
"4217";421,8;0,99964
"4218";421,9;0,999639
"4219";422;0,999639
"4220";422,1;0,999638
"4221";422,2;0,999637
"4222";422,3;0,999637
"4223";422,4;0,999636
"4224";422,5;0,999635
"4225";422,6;0,999635
"4226";422,7;0,999634
"4227";422,8;0,999633
"4228";422,9;0,999633
"4229";423;0,999632
"4230";423,1;0,999631
"4231";423,2;0,999631
"4232";423,3;0,99963
"4233";423,4;0,999629
"4234";423,5;0,999629
"4235";423,6;0,999628
"4236";423,7;0,999627
"4237";423,8;0,999627
"4238";423,9;0,999626
"4239";424;0,999625
"4240";424,1;0,999625
"4241";424,2;0,999624
"4242";424,3;0,999623
"4243";424,4;0,999622
"4244";424,5;0,999622
"4245";424,6;0,999621
"4246";424,7;0,99962
"4247";424,8;0,99962
"4248";424,9;0,999619
"4249";425;0,999618
"4250";425,1;0,999618
"4251";425,2;0,999617
"4252";425,3;0,999616
"4253";425,4;0,999616
"4254";425,5;0,999615
"4255";425,6;0,999614
"4256";425,7;0,999614
"4257";425,8;0,999613
"4258";425,9;0,999612
"4259";426;0,999612
"4260";426,1;0,999611
"4261";426,2;0,99961
"4262";426,3;0,99961
"4263";426,4;0,999609
"4264";426,5;0,999608
"4265";426,6;0,999608
"4266";426,7;0,999607
"4267";426,8;0,999606
"4268";426,9;0,999606
"4269";427;0,999605
"4270";427,1;0,999604
"4271";427,2;0,999604
"4272";427,3;0,999603
"4273";427,4;0,999602
"4274";427,5;0,999602
"4275";427,6;0,999601
"4276";427,7;0,9996
"4277";427,8;0,9996
"4278";427,9;0,999599
"4279";428;0,999598
"4280";428,1;0,999598
"4281";428,2;0,999597
"4282";428,3;0,999596
"4283";428,4;0,999596
"4284";428,5;0,999595
"4285";428,6;0,999594
"4286";428,7;0,999594
"4287";428,8;0,999593
"4288";428,9;0,999592
"4289";429;0,999592
"4290";429,1;0,999591
"4291";429,2;0,999591
"4292";429,3;0,99959
"4293";429,4;0,999589
"4294";429,5;0,999589
"4295";429,6;0,999588
"4296";429,7;0,999587
"4297";429,8;0,999587
"4298";429,9;0,999586
"4299";430;0,999585
"4300";430,1;0,999585
"4301";430,2;0,999584
"4302";430,3;0,999583
"4303";430,4;0,999583
"4304";430,5;0,999582
"4305";430,6;0,999581
"4306";430,7;0,999581
"4307";430,8;0,99958
"4308";430,9;0,999579
"4309";431;0,999579
"4310";431,1;0,999578
"4311";431,2;0,999577
"4312";431,3;0,999577
"4313";431,4;0,999576
"4314";431,5;0,999575
"4315";431,6;0,999575
"4316";431,7;0,999574
"4317";431,8;0,999573
"4318";431,9;0,999573
"4319";432;0,999572
"4320";432,1;0,999572
"4321";432,2;0,999571
"4322";432,3;0,99957
"4323";432,4;0,99957
"4324";432,5;0,999569
"4325";432,6;0,999568
"4326";432,7;0,999568
"4327";432,8;0,999567
"4328";432,9;0,999566
"4329";433;0,999566
"4330";433,1;0,999565
"4331";433,2;0,999564
"4332";433,3;0,999564
"4333";433,4;0,999563
"4334";433,5;0,999562
"4335";433,6;0,999562
"4336";433,7;0,999561
"4337";433,8;0,99956
"4338";433,9;0,99956
"4339";434;0,999559
"4340";434,1;0,999559
"4341";434,2;0,999558
"4342";434,3;0,999557
"4343";434,4;0,999557
"4344";434,5;0,999556
"4345";434,6;0,999555
"4346";434,7;0,999555
"4347";434,8;0,999554
"4348";434,9;0,999553
"4349";435;0,999553
"4350";435,1;0,999552
"4351";435,2;0,999551
"4352";435,3;0,999551
"4353";435,4;0,99955
"4354";435,5;0,99955
"4355";435,6;0,999549
"4356";435,7;0,999548
"4357";435,8;0,999548
"4358";435,9;0,999547
"4359";436;0,999546
"4360";436,1;0,999546
"4361";436,2;0,999545
"4362";436,3;0,999544
"4363";436,4;0,999544
"4364";436,5;0,999543
"4365";436,6;0,999543
"4366";436,7;0,999542
"4367";436,8;0,999541
"4368";436,9;0,999541
"4369";437;0,99954
"4370";437,1;0,999539
"4371";437,2;0,999539
"4372";437,3;0,999538
"4373";437,4;0,999537
"4374";437,5;0,999537
"4375";437,6;0,999536
"4376";437,7;0,999536
"4377";437,8;0,999535
"4378";437,9;0,999534
"4379";438;0,999534
"4380";438,1;0,999533
"4381";438,2;0,999532
"4382";438,3;0,999532
"4383";438,4;0,999531
"4384";438,5;0,99953
"4385";438,6;0,99953
"4386";438,7;0,999529
"4387";438,8;0,999529
"4388";438,9;0,999528
"4389";439;0,999527
"4390";439,1;0,999527
"4391";439,2;0,999526
"4392";439,3;0,999525
"4393";439,4;0,999525
"4394";439,5;0,999524
"4395";439,6;0,999524
"4396";439,7;0,999523
"4397";439,8;0,999522
"4398";439,9;0,999522
"4399";440;0,999521
"4400";440,1;0,99952
"4401";440,2;0,99952
"4402";440,3;0,999519
"4403";440,4;0,999518
"4404";440,5;0,999518
"4405";440,6;0,999517
"4406";440,7;0,999517
"4407";440,8;0,999516
"4408";440,9;0,999515
"4409";441;0,999515
"4410";441,1;0,999514
"4411";441,2;0,999513
"4412";441,3;0,999513
"4413";441,4;0,999512
"4414";441,5;0,999512
"4415";441,6;0,999511
"4416";441,7;0,99951
"4417";441,8;0,99951
"4418";441,9;0,999509
"4419";442;0,999509
"4420";442,1;0,999508
"4421";442,2;0,999507
"4422";442,3;0,999507
"4423";442,4;0,999506
"4424";442,5;0,999505
"4425";442,6;0,999505
"4426";442,7;0,999504
"4427";442,8;0,999504
"4428";442,9;0,999503
"4429";443;0,999502
"4430";443,1;0,999502
"4431";443,2;0,999501
"4432";443,3;0,9995
"4433";443,4;0,9995
"4434";443,5;0,999499
"4435";443,6;0,999499
"4436";443,7;0,999498
"4437";443,8;0,999497
"4438";443,9;0,999497
"4439";444;0,999496
"4440";444,1;0,999496
"4441";444,2;0,999495
"4442";444,3;0,999494
"4443";444,4;0,999494
"4444";444,5;0,999493
"4445";444,6;0,999492
"4446";444,7;0,999492
"4447";444,8;0,999491
"4448";444,9;0,999491
"4449";445;0,99949
"4450";445,1;0,999489
"4451";445,2;0,999489
"4452";445,3;0,999488
"4453";445,4;0,999488
"4454";445,5;0,999487
"4455";445,6;0,999486
"4456";445,7;0,999486
"4457";445,8;0,999485
"4458";445,9;0,999485
"4459";446;0,999484
"4460";446,1;0,999483
"4461";446,2;0,999483
"4462";446,3;0,999482
"4463";446,4;0,999481
"4464";446,5;0,999481
"4465";446,6;0,99948
"4466";446,7;0,99948
"4467";446,8;0,999479
"4468";446,9;0,999478
"4469";447;0,999478
"4470";447,1;0,999477
"4471";447,2;0,999477
"4472";447,3;0,999476
"4473";447,4;0,999475
"4474";447,5;0,999475
"4475";447,6;0,999474
"4476";447,7;0,999474
"4477";447,8;0,999473
"4478";447,9;0,999472
"4479";448;0,999472
"4480";448,1;0,999471
"4481";448,2;0,999471
"4482";448,3;0,99947
"4483";448,4;0,999469
"4484";448,5;0,999469
"4485";448,6;0,999468
"4486";448,7;0,999468
"4487";448,8;0,999467
"4488";448,9;0,999466
"4489";449;0,999466
"4490";449,1;0,999465
"4491";449,2;0,999465
"4492";449,3;0,999464
"4493";449,4;0,999463
"4494";449,5;0,999463
"4495";449,6;0,999462
"4496";449,7;0,999462
"4497";449,8;0,999461
"4498";449,9;0,99946
"4499";450;0,99946
"4500";450,1;0,999459
"4501";450,2;0,999459
"4502";450,3;0,999458
"4503";450,4;0,999457
"4504";450,5;0,999457
"4505";450,6;0,999456
"4506";450,7;0,999456
"4507";450,8;0,999455
"4508";450,9;0,999454
"4509";451;0,999454
"4510";451,1;0,999453
"4511";451,2;0,999453
"4512";451,3;0,999452
"4513";451,4;0,999452
"4514";451,5;0,999451
"4515";451,6;0,99945
"4516";451,7;0,99945
"4517";451,8;0,999449
"4518";451,9;0,999449
"4519";452;0,999448
"4520";452,1;0,999447
"4521";452,2;0,999447
"4522";452,3;0,999446
"4523";452,4;0,999446
"4524";452,5;0,999445
"4525";452,6;0,999444
"4526";452,7;0,999444
"4527";452,8;0,999443
"4528";452,9;0,999443
"4529";453;0,999442
"4530";453,1;0,999442
"4531";453,2;0,999441
"4532";453,3;0,99944
"4533";453,4;0,99944
"4534";453,5;0,999439
"4535";453,6;0,999439
"4536";453,7;0,999438
"4537";453,8;0,999437
"4538";453,9;0,999437
"4539";454;0,999436
"4540";454,1;0,999436
"4541";454,2;0,999435
"4542";454,3;0,999435
"4543";454,4;0,999434
"4544";454,5;0,999433
"4545";454,6;0,999433
"4546";454,7;0,999432
"4547";454,8;0,999432
"4548";454,9;0,999431
"4549";455;0,99943
"4550";455,1;0,99943
"4551";455,2;0,999429
"4552";455,3;0,999429
"4553";455,4;0,999428
"4554";455,5;0,999428
"4555";455,6;0,999427
"4556";455,7;0,999426
"4557";455,8;0,999426
"4558";455,9;0,999425
"4559";456;0,999425
"4560";456,1;0,999424
"4561";456,2;0,999424
"4562";456,3;0,999423
"4563";456,4;0,999422
"4564";456,5;0,999422
"4565";456,6;0,999421
"4566";456,7;0,999421
"4567";456,8;0,99942
"4568";456,9;0,99942
"4569";457;0,999419
"4570";457,1;0,999418
"4571";457,2;0,999418
"4572";457,3;0,999417
"4573";457,4;0,999417
"4574";457,5;0,999416
"4575";457,6;0,999416
"4576";457,7;0,999415
"4577";457,8;0,999414
"4578";457,9;0,999414
"4579";458;0,999413
"4580";458,1;0,999413
"4581";458,2;0,999412
"4582";458,3;0,999412
"4583";458,4;0,999411
"4584";458,5;0,99941
"4585";458,6;0,99941
"4586";458,7;0,999409
"4587";458,8;0,999409
"4588";458,9;0,999408
"4589";459;0,999408
"4590";459,1;0,999407
"4591";459,2;0,999406
"4592";459,3;0,999406
"4593";459,4;0,999405
"4594";459,5;0,999405
"4595";459,6;0,999404
"4596";459,7;0,999404
"4597";459,8;0,999403
"4598";459,9;0,999403
"4599";460;0,999402
"4600";460,1;0,999401
"4601";460,2;0,999401
"4602";460,3;0,9994
"4603";460,4;0,9994
"4604";460,5;0,999399
"4605";460,6;0,999399
"4606";460,7;0,999398
"4607";460,8;0,999397
"4608";460,9;0,999397
"4609";461;0,999396
"4610";461,1;0,999396
"4611";461,2;0,999395
"4612";461,3;0,999395
"4613";461,4;0,999394
"4614";461,5;0,999394
"4615";461,6;0,999393
"4616";461,7;0,999392
"4617";461,8;0,999392
"4618";461,9;0,999391
"4619";462;0,999391
"4620";462,1;0,99939
"4621";462,2;0,99939
"4622";462,3;0,999389
"4623";462,4;0,999389
"4624";462,5;0,999388
"4625";462,6;0,999387
"4626";462,7;0,999387
"4627";462,8;0,999386
"4628";462,9;0,999386
"4629";463;0,999385
"4630";463,1;0,999385
"4631";463,2;0,999384
"4632";463,3;0,999384
"4633";463,4;0,999383
"4634";463,5;0,999383
"4635";463,6;0,999382
"4636";463,7;0,999381
"4637";463,8;0,999381
"4638";463,9;0,99938
"4639";464;0,99938
"4640";464,1;0,999379
"4641";464,2;0,999379
"4642";464,3;0,999378
"4643";464,4;0,999378
"4644";464,5;0,999377
"4645";464,6;0,999376
"4646";464,7;0,999376
"4647";464,8;0,999375
"4648";464,9;0,999375
"4649";465;0,999374
"4650";465,1;0,999374
"4651";465,2;0,999373
"4652";465,3;0,999373
"4653";465,4;0,999372
"4654";465,5;0,999372
"4655";465,6;0,999371
"4656";465,7;0,99937
"4657";465,8;0,99937
"4658";465,9;0,999369
"4659";466;0,999369
"4660";466,1;0,999368
"4661";466,2;0,999368
"4662";466,3;0,999367
"4663";466,4;0,999367
"4664";466,5;0,999366
"4665";466,6;0,999366
"4666";466,7;0,999365
"4667";466,8;0,999365
"4668";466,9;0,999364
"4669";467;0,999363
"4670";467,1;0,999363
"4671";467,2;0,999362
"4672";467,3;0,999362
"4673";467,4;0,999361
"4674";467,5;0,999361
"4675";467,6;0,99936
"4676";467,7;0,99936
"4677";467,8;0,999359
"4678";467,9;0,999359
"4679";468;0,999358
"4680";468,1;0,999358
"4681";468,2;0,999357
"4682";468,3;0,999357
"4683";468,4;0,999356
"4684";468,5;0,999355
"4685";468,6;0,999355
"4686";468,7;0,999354
"4687";468,8;0,999354
"4688";468,9;0,999353
"4689";469;0,999353
"4690";469,1;0,999352
"4691";469,2;0,999352
"4692";469,3;0,999351
"4693";469,4;0,999351
"4694";469,5;0,99935
"4695";469,6;0,99935
"4696";469,7;0,999349
"4697";469,8;0,999349
"4698";469,9;0,999348
"4699";470;0,999348
"4700";470,1;0,999347
"4701";470,2;0,999346
"4702";470,3;0,999346
"4703";470,4;0,999345
"4704";470,5;0,999345
"4705";470,6;0,999344
"4706";470,7;0,999344
"4707";470,8;0,999343
"4708";470,9;0,999343
"4709";471;0,999342
"4710";471,1;0,999342
"4711";471,2;0,999341
"4712";471,3;0,999341
"4713";471,4;0,99934
"4714";471,5;0,99934
"4715";471,6;0,999339
"4716";471,7;0,999339
"4717";471,8;0,999338
"4718";471,9;0,999338
"4719";472;0,999337
"4720";472,1;0,999337
"4721";472,2;0,999336
"4722";472,3;0,999335
"4723";472,4;0,999335
"4724";472,5;0,999334
"4725";472,6;0,999334
"4726";472,7;0,999333
"4727";472,8;0,999333
"4728";472,9;0,999332
"4729";473;0,999332
"4730";473,1;0,999331
"4731";473,2;0,999331
"4732";473,3;0,99933
"4733";473,4;0,99933
"4734";473,5;0,999329
"4735";473,6;0,999329
"4736";473,7;0,999328
"4737";473,8;0,999328
"4738";473,9;0,999327
"4739";474;0,999327
"4740";474,1;0,999326
"4741";474,2;0,999326
"4742";474,3;0,999325
"4743";474,4;0,999325
"4744";474,5;0,999324
"4745";474,6;0,999324
"4746";474,7;0,999323
"4747";474,8;0,999323
"4748";474,9;0,999322
"4749";475;0,999322
"4750";475,1;0,999321
"4751";475,2;0,999321
"4752";475,3;0,99932
"4753";475,4;0,99932
"4754";475,5;0,999319
"4755";475,6;0,999319
"4756";475,7;0,999318
"4757";475,8;0,999318
"4758";475,9;0,999317
"4759";476;0,999317
"4760";476,1;0,999316
"4761";476,2;0,999316
"4762";476,3;0,999315
"4763";476,4;0,999315
"4764";476,5;0,999314
"4765";476,6;0,999313
"4766";476,7;0,999313
"4767";476,8;0,999312
"4768";476,9;0,999312
"4769";477;0,999311
"4770";477,1;0,999311
"4771";477,2;0,99931
"4772";477,3;0,99931
"4773";477,4;0,999309
"4774";477,5;0,999309
"4775";477,6;0,999308
"4776";477,7;0,999308
"4777";477,8;0,999307
"4778";477,9;0,999307
"4779";478;0,999306
"4780";478,1;0,999306
"4781";478,2;0,999305
"4782";478,3;0,999305
"4783";478,4;0,999304
"4784";478,5;0,999304
"4785";478,6;0,999303
"4786";478,7;0,999303
"4787";478,8;0,999303
"4788";478,9;0,999302
"4789";479;0,999302
"4790";479,1;0,999301
"4791";479,2;0,999301
"4792";479,3;0,9993
"4793";479,4;0,9993
"4794";479,5;0,999299
"4795";479,6;0,999299
"4796";479,7;0,999298
"4797";479,8;0,999298
"4798";479,9;0,999297
"4799";480;0,999297
"4800";480,1;0,999296
"4801";480,2;0,999296
"4802";480,3;0,999295
"4803";480,4;0,999295
"4804";480,5;0,999294
"4805";480,6;0,999294
"4806";480,7;0,999293
"4807";480,8;0,999293
"4808";480,9;0,999292
"4809";481;0,999292
"4810";481,1;0,999291
"4811";481,2;0,999291
"4812";481,3;0,99929
"4813";481,4;0,99929
"4814";481,5;0,999289
"4815";481,6;0,999289
"4816";481,7;0,999288
"4817";481,8;0,999288
"4818";481,9;0,999287
"4819";482;0,999287
"4820";482,1;0,999286
"4821";482,2;0,999286
"4822";482,3;0,999285
"4823";482,4;0,999285
"4824";482,5;0,999284
"4825";482,6;0,999284
"4826";482,7;0,999283
"4827";482,8;0,999283
"4828";482,9;0,999282
"4829";483;0,999282
"4830";483,1;0,999281
"4831";483,2;0,999281
"4832";483,3;0,999281
"4833";483,4;0,99928
"4834";483,5;0,99928
"4835";483,6;0,999279
"4836";483,7;0,999279
"4837";483,8;0,999278
"4838";483,9;0,999278
"4839";484;0,999277
"4840";484,1;0,999277
"4841";484,2;0,999276
"4842";484,3;0,999276
"4843";484,4;0,999275
"4844";484,5;0,999275
"4845";484,6;0,999274
"4846";484,7;0,999274
"4847";484,8;0,999273
"4848";484,9;0,999273
"4849";485;0,999272
"4850";485,1;0,999272
"4851";485,2;0,999271
"4852";485,3;0,999271
"4853";485,4;0,999271
"4854";485,5;0,99927
"4855";485,6;0,99927
"4856";485,7;0,999269
"4857";485,8;0,999269
"4858";485,9;0,999268
"4859";486;0,999268
"4860";486,1;0,999267
"4861";486,2;0,999267
"4862";486,3;0,999266
"4863";486,4;0,999266
"4864";486,5;0,999265
"4865";486,6;0,999265
"4866";486,7;0,999264
"4867";486,8;0,999264
"4868";486,9;0,999263
"4869";487;0,999263
"4870";487,1;0,999263
"4871";487,2;0,999262
"4872";487,3;0,999262
"4873";487,4;0,999261
"4874";487,5;0,999261
"4875";487,6;0,99926
"4876";487,7;0,99926
"4877";487,8;0,999259
"4878";487,9;0,999259
"4879";488;0,999258
"4880";488,1;0,999258
"4881";488,2;0,999257
"4882";488,3;0,999257
"4883";488,4;0,999257
"4884";488,5;0,999256
"4885";488,6;0,999256
"4886";488,7;0,999255
"4887";488,8;0,999255
"4888";488,9;0,999254
"4889";489;0,999254
"4890";489,1;0,999253
"4891";489,2;0,999253
"4892";489,3;0,999252
"4893";489,4;0,999252
"4894";489,5;0,999251
"4895";489,6;0,999251
"4896";489,7;0,999251
"4897";489,8;0,99925
"4898";489,9;0,99925
"4899";490;0,999249
"4900";490,1;0,999249
"4901";490,2;0,999248
"4902";490,3;0,999248
"4903";490,4;0,999247
"4904";490,5;0,999247
"4905";490,6;0,999246
"4906";490,7;0,999246
"4907";490,8;0,999246
"4908";490,9;0,999245
"4909";491;0,999245
"4910";491,1;0,999244
"4911";491,2;0,999244
"4912";491,3;0,999243
"4913";491,4;0,999243
"4914";491,5;0,999242
"4915";491,6;0,999242
"4916";491,7;0,999241
"4917";491,8;0,999241
"4918";491,9;0,999241
"4919";492;0,99924
"4920";492,1;0,99924
"4921";492,2;0,999239
"4922";492,3;0,999239
"4923";492,4;0,999238
"4924";492,5;0,999238
"4925";492,6;0,999237
"4926";492,7;0,999237
"4927";492,8;0,999236
"4928";492,9;0,999236
"4929";493;0,999236
"4930";493,1;0,999235
"4931";493,2;0,999235
"4932";493,3;0,999234
"4933";493,4;0,999234
"4934";493,5;0,999233
"4935";493,6;0,999233
"4936";493,7;0,999232
"4937";493,8;0,999232
"4938";493,9;0,999232
"4939";494;0,999231
"4940";494,1;0,999231
"4941";494,2;0,99923
"4942";494,3;0,99923
"4943";494,4;0,999229
"4944";494,5;0,999229
"4945";494,6;0,999229
"4946";494,7;0,999228
"4947";494,8;0,999228
"4948";494,9;0,999227
"4949";495;0,999227
"4950";495,1;0,999226
"4951";495,2;0,999226
"4952";495,3;0,999225
"4953";495,4;0,999225
"4954";495,5;0,999225
"4955";495,6;0,999224
"4956";495,7;0,999224
"4957";495,8;0,999223
"4958";495,9;0,999223
"4959";496;0,999222
"4960";496,1;0,999222
"4961";496,2;0,999221
"4962";496,3;0,999221
"4963";496,4;0,999221
"4964";496,5;0,99922
"4965";496,6;0,99922
"4966";496,7;0,999219
"4967";496,8;0,999219
"4968";496,9;0,999218
"4969";497;0,999218
"4970";497,1;0,999218
"4971";497,2;0,999217
"4972";497,3;0,999217
"4973";497,4;0,999216
"4974";497,5;0,999216
"4975";497,6;0,999215
"4976";497,7;0,999215
"4977";497,8;0,999215
"4978";497,9;0,999214
"4979";498;0,999214
"4980";498,1;0,999213
"4981";498,2;0,999213
"4982";498,3;0,999212
"4983";498,4;0,999212
"4984";498,5;0,999212
"4985";498,6;0,999211
"4986";498,7;0,999211
"4987";498,8;0,99921
"4988";498,9;0,99921
"4989";499;0,999209
"4990";499,1;0,999209
"4991";499,2;0,999209
"4992";499,3;0,999208
"4993";499,4;0,999208
"4994";499,5;0,999207
"4995";499,6;0,999207
"4996";499,7;0,999206
"4997";499,8;0,999206
"4998";499,9;0,999206
